9.132904886282772
9.132964101898594
9.132964760362603
9.132883256460273
9.132691501788075
9.13235343503403
9.131815297128442
9.130949556556363
9.129744594610802
9.128336106938043
9.126766699117335
9.12502664089327
9.123126187718437
9.121147181747629
9.119135472668003
9.117126343243706
9.115150024487322
9.113233723561251
9.111402674394833
9.109680782484025
9.108091066340545
9.106655985475427
9.10539770111631
9.104338296159844
9.103499971080437
9.10290522741801
9.10257704787325
9.102539081012678
9.10281583879386
9.103432916645929
9.104417249240104
9.105797421794446
9.107604070299141
9.109870433903293
9.112633198911276
9.115934019574198
9.119823337500286
9.124378515022833
9.129637028483543
9.135611095497751
9.14233819295823
9.149868530476704
9.158266703024632
9.167620557077047
9.178064806561222
9.189754278131689
9.202993510818205
9.217514272151652
9.233156072626445
9.249835813234109
9.267494930937826
9.286086867789281
9.305571719627522
9.325913254383215
9.347076685438584
9.3690257279239
9.391710769095143
9.415110674282182
9.439228741143857
9.46405209523757
9.489563394320458
9.515742797528535
9.542568558236184
9.570017214138428
9.598063604216845
9.626680788908104
9.655839901926958
9.685509943119403
9.715657512369521
9.746246478839174
9.7772375752962
9.808587902822575
9.840250326018495
9.872172732183861
9.90429711889113
9.936558461361027
9.968883291582326
9.998812250462144
9.96673507935565
9.935088666978643
9.903996266654671
9.87360359707513
9.844087537014133
9.815671194700174
9.78865408679009
9.763509891024196
9.74138050744926
9.721685822856625
9.704048949425392
9.688371913051196
9.674659573943147
9.662991835243789
9.653528687366032
9.64656056175629
9.642729283623817
9.64198871029043
9.644198447564708
9.649501082817192
9.658322758023646
9.670538646184951
9.686034251279903
9.704835632492774
9.727022243816583
9.752715501558795
9.782098977773993
9.815417684478074
9.852683645732009
9.893969941416632
9.939369253462523
9.988948716090418
9.957580128351788
9.900400210738582
9.839133540990245
9.773553795452802
9.703473700578382
9.62872352356581
9.549142490176997
9.464572997497863
9.374854391900245
9.27981361264698
9.179247431274245
9.072878591319304
8.960252746683874
8.840296395087398
8.713923406940035
8.582073575165978
8.445286317295018
8.304000157645856
8.15860684336391
8.009469833351217
7.856928421838406
7.7012842154034535
7.5427427806762415
7.381755624815906
7.218785400793336
7.054243933675207
6.88852672416049
6.722016226477589
6.555071417010319
6.388055781297261
6.221381666217783
6.055439857486165
5.8906451005194445
5.727337460598685
5.565760896746633
5.406241829558698
5.248995116685435
5.094169923043552
4.941949275363465
4.792513157705754
4.646031231068996
4.502659869969483
4.362540671924702
4.225799688499919
4.092547091246702
3.9628771367894333
3.836868355526377
3.7145839158799903
3.5960721298682707
3.4813670733523745
3.370489298836046
3.26344662164811
3.1602349624810646
3.06083923097447
2.965234236530083
2.8733856139361933
2.78525075271675
2.7007797204332364
2.619916171466256
2.5425982340869915
2.4687593699006087
2.398329201001976
2.331234301436807
2.267398950822586
2.2067458492878407
2.1491967942906736
2.0946733214821798
2.043097313772952
1.9943915854765926
1.9484804524978685
1.9052903063298643
1.8647502220462417
1.8267926555864853
1.7913543427947833
1.7583776649424752
1.7278132603863257
1.6996274489779506
1.6738371342891158
1.6503625385342988
1.6290700165822691
1.6098753467738602
1.5927104688018137
1.5775173309577277
1.5642458103109576
1.552852966691839
1.5433030906803815
1.5355686748374149
1.5296334447689606
1.5255060346396543
1.5232290088582692
1.5227015918320252
1.523865409396633
1.5267029213632177
1.5311922320379816
1.5372543707837536
1.5448409003042327
1.553914228512664
1.5644425119234793
1.5763977076390239
1.5897544861230912
1.604489506647039
1.620580883055052
1.6380077672516224
1.6567500191419569
1.6767879558681567
1.698102197501006
1.720673671925828
1.7444839779199022
1.7695169754935796
1.7957684873438096
1.8232093594236087
1.8517891357584702
1.8814659365850757
1.9121972963839715
1.9439381744077557
1.976639827997707
2.0102488010307513
2.044705763159203
2.0799439636518686
2.1158869256106643
2.152444602449402
2.189506008561469
2.2269215386666468
2.2644224940209416
2.3016231089452153
2.3388922882589016
2.3764045704610943
2.4142371173392942
2.4524248684382206
2.4909486096577544
2.5298135329011084
2.5691242096858327
2.608935982231279
2.649287650690111
2.6902104689936635
2.7317322945644946
2.773888684686307
2.8167520706578197
2.8600571922415607
2.9031529970342267
2.9465364903423867
2.990972172838611
3.0370862281800677
3.0855823329316094
3.1362051135060334
3.188744957648328
3.24314874793747
3.299399761265445
3.3574950512565933
3.417436812620527
3.4792281595811008
3.5428706814317517
3.6083627960710603
3.67569845319034
3.7448659240247144
3.8158464448790093
3.8886123573173874
3.9631238400374915
4.039320255408253
4.117082201069539
4.196392817937315
4.277268215021443
4.359679964686051
4.4435811107329295
4.528908625264877
4.615581613125185
4.703495590282197
4.79250757337992
4.8823675996733025
4.972714951214758
5.063830242063113
5.155827458500416
5.248729328483114
5.342517930907419
5.437143618845851
5.532521514051511
5.628509662037649
5.7247619164622225
5.821063420743831
5.918079711929991
6.015893585042315
6.11452954308675
6.214009192734322
6.314341189685708
6.415523675423439
6.517547162757764
6.6203977998856764
6.724061952696516
6.8285353707244045
6.933862718939033
7.040117275127518
7.147059256826399
7.25454520178114
7.362497075657823
7.470994969665558
7.579791414883163
7.688602974485507
7.797041479835571
7.904735903090985
8.011282958200818
8.116152297708243
8.218357095248855
8.317589983814482
8.414695486392853
8.509959944601936
8.603511952019918
8.69540799636812
8.785658932822834
8.874239757843942
8.961090742170219
9.04610968451345
9.129125044197801
9.209767157147398
9.287442858825457
9.362821287349606
9.436163756473732
9.508147991466785
9.579139284683897
9.649242204035858
9.718657446330273
9.787673038321476
9.856952554853699
9.926663862375364
9.996002400804946
9.935825318064609
9.869588995355146
9.805497561895598
9.7437760806012
9.684887303106628
9.629241211503283
9.576105970495243
9.525068792858264
9.4763073718659
9.429881237627523
9.38567382101709
9.343624095739882
9.30368565348174
9.265819557208324
9.229992566469457
9.196176992298943
9.164351614980571
9.134503884075091
9.106634499974568
9.080768331496015
9.056999982833444
9.035535256434455
9.016061409600056
8.998394784742098
8.982453482551557
8.968219317156883
8.95580358244759
8.945239892914396
8.936529552262002
8.930268317125735
8.925646277094664
8.921492385792174
8.917120512030616
8.912465714264883
8.907330768768535
8.901845057672706
8.895940657663616
8.889472262052285
8.88247570140006
8.874910192055337
8.866698725123047
8.857671244256997
8.847533742014939
8.836122381671428
8.823073287471267
8.808025001954046
8.791848753868788
8.775051969602647
8.757716623133799
8.739852215811247
8.721478189128574
8.70253825604997
8.683075926720166
8.663261089874789
8.643164927552094
8.622800066143645
8.602300147522993
8.581762125000935
8.56122659927836
8.54060701210078
8.519955487511133
8.499503645086119
8.479746921753543
8.461039938970607
8.4436849437839
8.427898767725267
8.413933465954157
8.402067612314829
8.392617316001857
8.385984531566482
8.3827664523185
8.382336146731632
8.385534755416769
8.39321087397051
8.406465781347322
8.427453535601527
8.455647733214711
8.489643811440372
8.528919911838242
8.57317152841892
8.622198016029778
8.67586456410084
8.734111063501679
8.79684710529472
8.863907445185081
8.93518899159709
9.010610056604708
9.09010191612078
9.173604873765422
9.261065953117843
9.352437142071778
9.447673059012908
9.546723392145998
9.649493029529815
9.756051637454581
9.866560072193346
9.981239632757323
9.900503029745224
9.780582736701662
9.659746929049174
9.538422560937613
9.416917403032448
9.295455178085083
9.17411264612316
9.053073026584157
8.932623644150755
8.813069445893756
8.694790451123444
8.577955007054682
8.462632572760663
8.349424007256518
8.238658324369114
8.130560293339812
8.025360003239404
7.923134541553912
7.82386541422037
7.727613293388015
7.6344573241368625
7.54448320335328
7.457779441319411
7.374434358979864
7.294527283881342
7.218198151134261
7.145613883648347
7.076969685358572
7.012547970670413
6.953089862707778
6.898760553956489
6.8485881526338375
6.802159958983251
6.759214413035882
6.719559785228583
6.683051308302108
6.649618011065693
6.6190960279126285
6.5913075481816055
6.566126192419937
6.543440742730521
6.5231275131111355
6.50504219099223
6.489156598484262
6.475421590682277
6.463790636851411
6.454224524951982
6.446720446620624
6.441291962547984
6.437614374664898
6.435622796513969
6.435248839434374
6.436409690611317
6.439012010227564
6.442917288499835
6.448082551408967
6.454525967151268
6.462239029158258
6.471149300535272
6.4812023288623255
6.4923540389190535
6.504534303487675
6.517650877560222
6.531611088115556
6.546224012312018
6.561459936344242
6.5774213619058495
6.59408357680417
6.611422254211955
6.6294084959574615
6.64800976451346
6.667190066805951
6.686909455435318
6.707122588593089
6.727775339451427
6.748796868843348
6.7700983127067165
6.791472602196839
6.8127985896227194
6.834372601907392
6.85633680114294
6.878841943672863
6.90196952028622
6.925703035987912
6.95026223780717
6.97577103549988
7.002387067730669
7.030377010162318
7.059727677313105
7.090203844418735
7.121530126128027
7.153511619782973
7.186029705076407
7.2191397040599785
7.25276812286451
7.2868305403277445
7.321252254458344
7.355946795005202
7.3908060954673775
7.425677479917164
7.460272737261736
7.494043474075723
7.52778100116546
7.561832115015706
7.596292470293447
7.631263269948482
7.6666891123406895
7.702637208531548
7.73928869677709
7.776786142514046
7.815277433484955
7.855032163805332
7.895730209740092
7.937255160270205
7.979524459236448
8.02247009139087
8.066032861477149
8.11015706041967
8.154782014256146
8.199836436032038
8.245221821099092
8.290704052062354
8.336168606689364
8.382167300988293
8.429228112556107
8.477645942902377
8.52677584375889
8.576364055988297
8.626230676816173
8.676227770460837
8.726223836074501
8.776091555757175
8.825717377030378
8.875044285095347
8.924003273794494
8.972459496420072
9.020308069633467
9.067417003016722
