8.20932034194798
8.20167112949538
8.194504534444103
8.187817315487786
8.18160552707562
8.175864428608913
8.17058833150819
8.165770327988849
8.161401765409378
8.15747105514989
8.153959896388681
8.150824478760622
8.148081451927993
8.145768877610234
8.143901769780756
8.14248889474506
8.14153576626476
8.141045807561927
8.141020948006599
8.141461982948751
8.142368816828032
8.143740642860713
8.145576086289358
8.147873326347288
8.150630206277619
8.153844337744632
8.157513204433203
8.161634268939574
8.166205086941904
8.171223433010388
8.176687443298903
8.182595781899892
8.188947840146913
8.19574398218845
8.202985856814646
8.21067680690713
8.218822428377937
8.2274313698666
8.236516547003323
8.246097139127178
8.256202274729958
8.266879258658738
8.278221783138452
8.290452826846856
8.303400322197175
8.31690343839464
8.330875358742876
8.345249562764348
8.359969821856643
8.374986687150606
8.39025651639613
8.405742582349182
8.421420858729512
8.437314330363165
8.453365051101994
8.469446513695969
8.48546997941477
8.501353914182477
8.517019443512396
8.532397888716474
8.547400050822135
8.561850953446772
8.575547522260841
8.588228019770812
8.600014166885087
8.610944026348768
8.621012284026078
8.63020016011811
8.638482847650964
8.645832635827139
8.652220529551473
8.657617171681785
8.66199330124404
8.665319570105993
8.667563784286159
8.668683405092267
8.668691840841895
8.667606047894456
8.665450332760535
8.662286822012645
8.65831510692762
8.653292824469684
8.646769394463304
8.638821649799409
8.629646477025835
8.619314627582586
8.607867090240596
8.595330914733356
8.581725004537187
8.567062958321106
8.551354802498723
8.534608383944258
8.516831062208702
8.498033105289744
8.478241723139439
8.457511043524192
8.435732557121906
8.412824314049443
8.388713354128345
8.36331867314082
8.33653886091281
8.308217428176167
8.278099790351177
8.246202618217344
8.212646196785565
8.177484644487562
8.140717856627994
8.10231742752306
8.062229989715803
8.020373961878283
7.976627862662919
7.930773327929472
7.882596473635708
7.832065439429556
7.7789566629904785
7.722660619398551
7.662628899089297
7.599648833211377
7.534142468690996
7.466514659490892
7.397417042609699
7.326629651339504
7.25391217553796
7.179203089258138
7.1024893194980345
7.023782727078018
6.943111010518571
6.860513123804837
6.776036536818101
6.689735369989805
6.60166899542077
6.511900935469801
6.420498047833646
6.32753022716371
6.233071638292525
6.137209275982909
6.040091079938036
5.941644254317015
5.8417039808801015
5.739955428506143
5.636387541528589
5.531432456974806
5.425331261784124
5.31828587488879
5.210484855299344
5.102110993454493
4.993344083707917
4.8843618580023085
4.775340073622868
4.666452164392699
4.557868648892734
4.449756395279405
4.342277794154439
4.23558985972143
4.129843249541542
4.025181147666948
3.921737856049888
3.8196366467727927
3.718985196234368
3.6198527198619104
3.5223084535773537
3.4265483879998833
3.332710679569125
3.240908436271802
3.151238876303232
3.0637861272881706
2.9786225825136197
2.895809768456872
2.8153990324400278
2.7374321848017718
2.661942188360136
2.588954060605947
2.518487120324731
2.450555106919476
2.3851479071978985
2.322254740242756
2.261861863912737
2.2039518318301594
2.1485038957291875
2.0954948162633062
2.0449001615580804
1.9966967431858436
1.9508695912493066
1.9074423480732978
1.8663249937440085
1.827405854956781
1.7906111941000864
1.755877970274022
1.7231489176531192
1.6923706834878292
1.6634929506781815
1.6364679831468405
1.6112503828640126
1.5877969635539044
1.566066693451276
1.5460206818734503
1.5276221965285384
1.5108367063449162
1.4956319512795333
1.4819780486828014
1.4698476596473675
1.4592162692091475
1.4500627180222652
1.442370432698391
1.4361320215765105
1.4313585629175516
1.4280021674631902
1.4260264418862014
1.425411111878023
1.4261338665747485
1.4281684801859382
1.4314962126349253
1.436102349337397
1.441976022342967
1.4491118656617035
1.4575222999451638
1.4671985460344914
1.478092059322579
1.4901744343171646
1.503422180864872
1.5178133579328947
1.5333260556023518
1.5499372814485721
1.567621863520765
1.5863511307736669
1.6060910606191388
1.6267992581099393
1.6484189987581908
1.670862758735203
1.6939319597262124
1.7176084436502874
1.7420423141524446
1.7673050890000677
1.7934379481157539
1.8204712064511743
1.8484310239318251
1.8773418908138464
1.9072165287417107
1.9380703824494696
1.9699219669733634
2.0027949319027827
2.03672359612623
2.071771727249064
2.108081626509099
2.1455577202830165
2.1841287999158894
2.22381643416685
2.264536871936451
2.3061626450666965
2.3486022473831425
2.391770362915786
2.435583127541811
2.479957884910726
2.5248178299576773
2.570125473194479
2.6158271640069533
2.661638518910495
2.707330280366948
2.7526740586353937
2.7974194224103623
2.8412691352616988
2.8838145116493292
2.9246713906378448
2.9632989735472988
2.999141495566163
3.032778552093523
3.0647570842964678
3.095344221606064
3.1246409000503728
3.1527284657020656
3.1796676636664483
3.2054994405143677
3.230244727368485
3.253899644701809
3.276418262769173
3.2976043009200855
3.3173620984058245
3.336139640555287
3.35414303949392
3.371493164451145
3.3882496006258673
3.4043336684707977
3.4197987556983778
3.4350100637822134
3.450167182699186
3.465419861744459
3.4808929025082054
3.496695493324057
3.5129264616839677
3.5296782384428136
3.547041044017699
3.565110084029982
3.58401277637788
3.6038546122018147
3.624650992483316
3.6463708691250702
3.6690170519675536
3.6925989844324807
3.7171314848189487
3.742631707103121
3.7691184351975613
3.796612078756911
3.8251350748564397
3.854712645220096
3.885373990103737
3.9171541682410598
3.9500972949428976
3.984262975183537
4.019746205598947
4.056722873083898
4.095172852493366
4.135144872187306
4.176782616849099
4.2198553966757295
4.264259872303813
4.309935867924175
4.356864424374185
4.40508224024639
4.454311939339718
4.5042335852392865
4.554771888523849
4.605945813070197
4.65756799173031
4.709583988005932
4.762221362913479
4.815554106341516
4.8696140763812235
4.924423298894477
4.980087751907681
5.036293543785277
5.092825988030395
5.149712322684658
5.206853201441888
5.2641617667803295
5.321114573108471
5.376112712599456
5.430385395122771
5.484682858365979
5.538957473987463
5.593032829817583
5.646843003309769
5.700423807670645
5.753754324407582
5.806790839130276
5.859473658219546
5.911729530967329
5.963472808855168
6.0146059937240635
6.065019854202695
6.114593115342557
6.163191590400535
6.210666408420897
6.256850472865082
6.301550576246282
6.34452311337646
6.38536309973806
6.423999106684675
6.4604670283887256
6.4946660435029715
6.5264329091742335
6.55551110717294
6.581360915132974
6.6041619816784145
6.624196410318396
6.641556453862267
6.656284776443233
6.668399038537645
6.677900815048426
6.684779083950062
6.689010668147768
6.690557689813437
6.689359728179434
6.685309594797993
6.678107491561302
6.667730884873274
6.654599596683544
6.638901965716205
6.620762628070077
6.600273991069382
6.57750563711916
6.552507345622097
6.525310233363174
6.4959218386796955
6.464318292031269
6.430426169280911
6.394067900663619
6.354666264963333
6.312394674787312
6.2679837340243605
6.22176422986477
6.173981168852114
6.1248709436807225
6.074600288714076
6.023290302282359
5.97100319110206
5.917777525352693
5.863754989848658
5.808977490315588
5.753406100008074
5.696864173836765
5.638637526591754
5.578864612251263
5.518909323135274
5.459234755972706
5.4000901288779275
5.341712147596063
5.28429612553326
5.227969257032278
5.173013278088008
5.119717445560825
5.068100300525266
5.01823293707052
4.970270943331501
4.924374394944406
4.880510127646865
4.838757329015032
4.798867139421797
4.760564802717153
4.7236933262392204
4.688123721323838
4.6537508056482855
4.620483911805569
4.58822961960761
4.5568943220165
4.5263970209336915
4.496551318684347
4.467183250684283
4.438012574046593
4.408599245716369
4.379219417208179
4.350021072895661
4.321061411225569
4.292362410198792
4.263914859213189
4.235609861702678
4.207462615114526
4.1795696966536
4.151955983326956
4.124622995103764
4.097556789814603
4.070729592659264
4.044097665698548
4.01758692825188
3.9911021778078575
3.9645965054577195
3.9378608584964345
3.9108551967013137
3.8838159194457984
3.8567764261835396
3.8295864317486004
3.8026074456289445
3.775943693826595
3.7496641139754816
3.7237844507238433
3.6982869978151784
3.6733039646070225
3.6494411412008416
3.627167343296996
3.6063811256635208
3.5869128103621915
3.5686564575667163
3.5515735291881576
3.535703143065847
3.5210591172151524
3.5076501683230994
3.4954830024209143
3.4845632742217605
3.4748963043317413
3.466488580789071
3.459355187306396
3.453485270646828
3.44885979778442
3.4454755862229804
3.4433286142695465
3.442415696042395
3.44273581615171
3.4442992817847253
3.4470992309035737
3.451092313943382
3.4562488133135854
3.462539205143828
3.469929204633559
3.4783742651414444
3.4878091285790616
3.4981204635813334
3.5089648004862006
3.5205457935014115
3.533230330897172
3.5472020970967018
3.5626268685279583
3.5797275973569516
3.5985242659802936
3.6189292886319064
3.6409257421174246
3.664511402265161
3.6896891342477693
3.7164644159053366
3.744845460481244
3.774849078888855
3.806495474292522
3.8397598213085464
3.8746376293341704
3.911100305909282
3.949127280146713
3.988727177329575
4.029814894403751
4.072252217873111
4.116114067143507
4.161425190602559
4.208194508384344
4.256437260974879
4.306225308714838
4.357462832664252
4.41001859860923
4.463800998178987
4.518763176840037
4.574778796233882
4.631701583243108
4.689536883336926
4.748240709153884
4.807750864526852
4.86799266999625
4.928899467049338
4.990419715015311
5.0524429705437885
5.114828186524088
5.177447183258167
5.240196113480166
5.302951707160979
5.365546942141034
5.42782581868458
5.489632515082489
5.550794777755471
5.611119517373039
5.670457891524382
5.7286354646799555
5.785412150318568
5.840470647452351
5.893603531511607
5.944296101835035
5.991872861344177
6.037007359165248
6.080139599348868
6.1214734311458745
6.161144647183676
6.19923702879548
6.235792938215897
6.27090858352481
6.304660742814394
6.337096692522306
6.368244732132408
6.398111181202816
6.42665788510877
6.453730496224928
6.479472300300042
6.5041167770087815
6.527788796219537
6.550583240031042
6.5725814442751425
6.5938423738820475
6.6144123525397145
6.63433423776481
6.653645295289255
6.6723767017484406
6.690552974475482
6.708190977109592
6.725297894634177
6.74186677924585
6.757869293165742
