7.721660028418878
7.701547366650119
7.681798885627974
7.6624166047871025
7.643402111169539
7.624756579934989
7.606480795790922
7.588575175278884
7.571039789857876
7.553874389732194
7.537078428377702
7.520651087731193
7.504591304019355
7.488897794220296
7.473569083172089
7.458603531372061
7.443999363551043
7.429754698164832
7.415867578030654
7.402336002466795
7.389157961500209
7.37633147304844
7.3638546245767955
7.351725621837181
7.3399428495211305
7.32850495365716
7.317410968621466
7.306660554488423
7.296254629751728
7.286198484866978
7.276489884826987
7.267121794037593
7.2580906746364295
7.24939396377387
7.241029664755109
7.2329962132622025
7.225292423625392
7.217917467354481
7.21087086695098
7.2041524973698206
7.197762590715709
7.191701740448985
7.185970900176533
7.180571367912819
7.175504734977686
7.170772741780638
7.166376825445443
7.162315371904261
7.15858775664826
7.155214018472612
7.1522091848927705
7.1495880549880795
7.147367365417551
7.145567729777216
7.144217457505134
7.143367940951841
7.143099897701264
7.143340999084749
7.144052052990045
7.1452135168682585
7.146812493147866
7.148839560734267
7.151287445354276
7.1541503317212065
7.157423460686153
7.161102872412302
7.165185232066069
7.16966770568183
7.174547868404277
7.1798236347733155
7.185493204881959
7.1915550228252565
7.198007745778235
7.204850223925136
7.2120814940006515
7.219700793676969
7.227707613938483
7.236101834542518
7.244884098509258
7.254057713571197
7.263627350541812
7.273583142375866
7.283918787198913
7.294629136278964
7.305709321935168
7.317154774788412
7.328963622862698
7.341124508082989
7.353618885424708
7.366445781107386
7.379598106327714
7.393067359418043
7.406844148360027
7.42091835733547
7.43527920868225
7.449915273435883
7.4648144438263975
7.479963867417866
7.4953498339247915
7.510957595031439
7.52677107671886
7.542772388692443
7.558940819175847
7.575248930533509
7.591669988094231
7.608174889440134
7.62472355516543
7.641324386802019
7.65796623289601
7.674625944057154
7.691266511127395
7.707810276289941
7.724192355867443
7.7404759557630385
7.756680479117958
7.772808134516244
7.788854096893796
7.804809320715174
7.8206617342976426
7.836396776932101
7.851997559498224
7.867444718819284
7.882715912621757
7.897784733266192
7.91261838531089
7.927171715457627
7.941355547639884
7.955085745708466
7.968454098711288
7.98151292793873
7.994293004617257
8.006817941840822
8.019108956027024
8.031187045770983
8.04307472403044
8.054799240418337
8.06639624778131
8.077883036220943
8.089306333971972
8.1006999642838
8.112015375229465
8.123236206935701
8.134355222961535
8.145368894438858
8.156275664585653
8.16707512570636
8.177767538042144
8.188353502171324
8.198833705941764
8.209208705964675
8.219478718297847
8.229643395166242
8.239701553389493
8.249650773915233
8.259486571099329
8.269198288605997
8.278779984960483
8.288238570837795
8.297573424963812
8.306780987312134
8.315855806394953
8.324791420304557
8.333583486111857
8.342233613136592
8.350706323448426
8.35897833988227
8.367047717841258
8.37478253236162
8.382044364518213
8.388659130902422
8.394261977000381
8.398576367697622
8.402077079378614
8.404968090175817
8.407375782175405
8.409399611999133
8.411131287812454
8.412671648256419
8.414168296677133
8.415964442612246
8.417862609199966
8.41954474935304
8.420805426728355
8.421390740013157
8.42108734061436
8.420018783976968
8.418199104623657
8.415603566866567
8.412189509487886
8.407900984961865
8.402669410851392
8.396412195514527
8.389029527708365
8.380393886855115
8.370351571600507
8.358711124773826
8.345181651446469
8.32915901948623
8.309787966951529
8.288219466695919
8.265029480039601
8.240550975126956
8.215023876076849
8.188636572346052
8.161544122725852
8.133877988828903
8.10575189470574
8.077265651635487
8.048507808672557
8.019557578170684
7.990486291144988
7.961358537544764
7.932233092456068
7.903163699673584
7.874199769562291
7.845387045512561
7.816768304636338
7.788384194240221
7.760274399265114
7.732479601195349
7.705045635642981
7.678037152912563
7.651583146710104
7.625640841497468
7.600084316847151
7.574848621681102
7.549882707165296
7.525138295159149
7.500564802425949
7.476105309304794
7.451691811196817
7.427237835224718
7.402623946251725
7.377658656664394
7.351852056620557
7.325128479762888
7.298097821386083
7.2710133533524335
7.244025000129012
7.2172066854501296
7.190528007057332
7.164263949531225
7.138673742187027
7.1138583917781775
7.089873100022869
7.066785711385334
7.044658887850527
7.023547988269444
7.003500030410715
6.984552093639985
6.96672773218197
6.950026621231297
6.934363030014142
6.919747787071734
6.906392282536043
6.894412919793091
6.883901985640454
6.874942518463855
6.86761450202107
6.8619994557189035
6.858185692271743
6.856276742915245
6.856409913021986
6.858837638579325
6.863912301535215
6.871300247375699
6.880929789734886
6.892660464105952
6.906267969704456
6.921616546714631
6.9385999372777665
6.9571352981577395
6.9771928491581665
6.998747172226687
7.021606938400882
7.045519516568679
7.0702553388965566
7.095587262881332
7.121241771754376
7.146833078400141
7.172382935566538
7.197874983256511
7.223282900119198
7.248399495648319
7.272978353459118
7.296790724933886
7.319595169645524
7.341127251495694
7.361086593906215
7.379106254798801
7.3946563063955555
7.407437600667214
7.4170135715253735
7.423118647568887
7.424793121395458
7.421518888053944
7.414678042834344
7.404842274336335
7.392327150992058
7.377389732147966
7.3601969515697805
7.340810405712359
7.3190116651468715
7.294801284668074
7.268985672279084
7.242016790258924
7.214247605341307
7.185992895139124
7.157556615086901
7.129262110614079
7.101570733842465
7.074891984040372
7.048975338843241
7.023787709243631
6.999359265337864
6.975742458040061
6.953000824017953
6.93120489363173
6.910430425470789
6.890751511064341
6.872276761492384
6.855396723385968
6.8399805763550505
6.825997954147032
6.8134721181670805
6.802433044704205
6.7929073905165
6.784978983358099
6.778844489985861
6.774241568288001
6.771026609645285
6.769238948969221
6.768922959878178
6.770124518485767
6.772650423568374
6.776348261683188
6.78108466967215
6.7867068843171205
6.7929899203148425
6.7994574298804356
6.80635126028864
6.813974945020831
6.822462508120698
6.831915370019097
6.842473581671364
6.854272610449507
6.867028551402626
6.880460796208744
6.894395691406421
6.908930105272377
6.924102879109268
6.93977188409344
6.956106057325332
6.973266494750088
6.991331855119865
7.010361396913999
7.030427918946423
7.051658125839015
7.073881486957175
7.0969907165707955
7.1208852493462444
7.145460419101556
7.170615483211736
7.196247853787011
7.2222646413314315
7.248475708493368
7.2745434592184575
7.300312637038854
7.325900285461747
7.351297091289506
7.376463304866404
7.401346507611793
7.425887642641708
7.4500238946922686
7.473690372551323
7.496821219238829
7.5193503973841125
7.541212241653361
7.56234176893577
7.58267459354121
7.602145902830982
7.620686320444476
7.638202106061226
7.65452171511331
7.6699283476893925
7.684856924754105
7.699903723702476
7.713467730726347
7.724747063614712
7.734224295481629
7.7419125737219066
7.747479879559281
7.750881533431052
7.752764569219708
7.753446723001488
7.753140012452626
7.752008623106343
7.750187415249749
7.747790755353526
7.744917893623789
7.741658194956452
7.738106503265287
7.734305822543695
7.730266373867262
7.726001113120528
7.721512558070036
7.7167884656431305
7.71179685306905
7.706476988465331
7.70071651823838
7.694248583449076
7.686840883648616
7.678739145990534
7.670239892488024
7.66148424398981
7.652566392124584
7.643554299176339
7.634497585904667
7.625430610171703
7.616367513455362
7.607333453394046
7.598376026261989
7.589550170649181
7.580812256171515
7.572117109836004
7.56333042670677
7.554425785907797
7.545409313624983
7.5362527027273245
7.526916539577012
7.517359498138541
7.507532507235535
7.497223967075644
7.486275887193825
7.475009708746326
7.4632926348432616
7.450983754487137
7.437860363871409
7.423822147664322
7.408875735047316
7.39287583367773
7.3753383891614535
7.356049802540008
7.335970311072985
7.315692323819989
7.295806074588304
7.276514952902071
7.257765713075781
7.239287524512993
7.220888080536349
7.20254084746458
7.18408357603325
7.165364776835867
7.146264330080871
7.126617879448761
7.106193517616697
7.085119184404668
7.06355021400438
7.041658977524143
7.019539871684479
6.997255035918837
6.974838535661694
6.952286521135265
6.929521070661432
6.906144518502683
6.882200531666147
6.85856823673943
6.8357292701600345
6.814115115309277
6.793880587810558
6.775260896579976
6.758396287968812
6.743537546697992
6.730714790160489
6.71971477907228
6.71047552231328
6.702964840485235
6.697165826075132
6.693070228713455
6.690675525203526
6.689986339339406
6.691031533749062
6.693791511445899
6.6982201674574835
6.704291366685034
6.7119572751839875
6.72117598048292
6.731908248885013
6.7441136962670365
6.757748437192978
6.772759317461727
6.789085156257518
6.806696292581993
6.825552224770329
6.845533294123376
6.86673628660698
6.889441821757925
6.913622065123825
6.939089259905059
6.965775697464696
6.993668468092356
7.022852212554365
7.053219075235505
7.084713028777559
7.117095689612442
7.150163019566376
7.18375833083028
7.217739095912003
7.251968265804888
7.286309335527378
7.320621718768361
7.354753616319859
7.388521306938109
7.421653245038518
7.454061354626553
7.4857033373922235
7.516660262750312
7.546941347104347
7.576527588763076
7.6053767886309975
7.633428319073287
7.660583600561045
7.686735952327543
7.711883769480172
7.736010645566061
7.759093450974827
7.781064779270098
7.801814723110178
7.821144421505829
7.838579271494883
7.8542359206152055
7.868587426715203
7.881826727107418
7.894162341183282
7.905724825992624
7.916611319597612
7.926895766595168
7.936633194065289
7.945860408859674
7.954592680390373
7.962808532337005
7.970408143856726
7.977253656348252
7.98342714943169
7.989482427968141
7.995815922762527
8.002781729248
8.010183750947265
8.01785322488481
8.025707610768336
8.033668528575943
8.041691145008375
8.049672793008908
8.057640428239736
8.06570215979858
8.073896901631997
8.082246304067516
8.090761851090564
8.099448167592266
8.108303120225447
8.117317081890697
8.126441962600829
8.135729622214075
8.145186137799545
8.154805668662114
8.164572536647636
8.174459400973488
8.184476605742859
8.194626711674637
