0.09070127962946183
0.09069479588473997
0.09069472378722844
0.09070364797210652
0.09072464426428387
0.09076166215887474
0.09082059042586961
0.09091539979122733
0.09104737308176428
0.09120165958083011
0.09137360140348094
0.09156427397980511
0.0917725639036732
0.09198950934605866
0.09221008806469996
0.09243043250290843
0.09264722592181718
0.09285748054006727
0.09305842272981478
0.09324742267814477
0.09342194634225763
0.09357951985826711
0.09371770134869906
0.09383405723192756
0.09392614120891533
0.09399147466229672
0.09402752748856426
0.09403169849854899
0.0940012945012171
0.0939335070222484
0.0938253852411301
0.09367380300204979
0.09347541627989854
0.0932266042269084
0.09292337860162427
0.09256121950711757
0.0921346599835503
0.09163530378764484
0.0910591550938258
0.09040500934265017
0.08966892044579887
0.08884558206375225
0.08792815677386247
0.08690732163153478
0.08576871596971271
0.08449589494564709
0.0830562802534926
0.08147969349352986
0.07978416656363829
0.07797929154788051
0.07607198392335479
0.07406784873521591
0.07197176259199854
0.06978819613270948
0.06752145254367833
0.06517597995939793
0.06275762583658942
0.060269175852355
0.05771081732437216
0.05508446176447424
0.052392488351481296
0.049637529341419254
0.046822402867418254
0.04395008877025415
0.041023722760106955
0.03804660064676683
0.035022189501247206
0.0319541446436163
0.02884633233445532
0.025702858636093603
0.022528105359355042
0.01932677444420589
0.016103942617439693
0.012865128801767906
0.009616377613754848
0.006364363528846983
0.0031165221558901953
-0.00011878200808890914
-0.0033320371396764127
-0.006512292321621025
-0.009646754005160836
-0.012720200097024707
-0.01571406808155821
-0.018604883018903534
-0.021361124269335046
-0.023933137234824438
-0.026202249505434934
-0.02822605099493091
-0.030041877112608358
-0.031658698436825485
-0.03307504085299452
-0.03428177892768262
-0.035261577398503004
-0.0359836596461616
-0.03638090373483112
-0.03645770790007562
-0.036228555578171895
-0.03567888024217474
-0.03476508737840836
-0.033501082268919756
-0.031900012855735606
-0.0299608128902423
-0.027677282297741773
-0.025039333781440923
-0.022031012570475617
-0.018630710442300545
-0.014841223574824303
-0.010659618254935619
-0.006081529725005328
-0.0011057394956126689
0.004251009917682905
0.010009911343453389
0.016217440584347254
0.02290494738248683
0.030101158130340675
0.03783442803982292
0.04613373413741701
0.055029423191110226
0.06455405278882717
0.07474363124171514
0.08563987088614756
0.09729550421215362
0.10978665806980031
0.1232646880505326
0.13766295499314696
0.15290953326570628
0.16897663954404998
0.18584774758618552
0.20351166857396522
0.22196052220028453
0.24118934895533617
0.26119799681962147
0.28199921310485326
0.3035735931314443
0.3258983812780001
0.34895568087715434
0.37272785896642885
0.3971969497580755
0.42234608079420627
0.4481551304788319
0.47459307807836126
0.5016280749467925
0.5292195766217554
0.5573343368205431
0.5859513886379557
0.6150309125926363
0.6445484410566771
0.6744883595051918
0.7048252494698887
0.7355301515816433
0.7665717365270107
0.7979167886226171
0.8295304824316642
0.8613765747106381
0.8934175560782913
0.9256147818428115
0.9579285915368884
0.9903184222059358
1.02274291822425
1.0551600391777596
1.0875271666362396
1.1198012102019455
1.1519387129439103
1.1838959561433517
1.2156290631486852
1.2470941020466788
1.2782471867857388
1.309044576328581
1.3394427713564774
1.3693986079908071
1.3988693479311751
1.4278127643255696
1.456187222574856
1.4839517551154757
1.5110661289939613
1.5374909047052299
1.5631874842454156
1.5881181455112956
1.612246058850849
1.6355352793247901
1.6579507042516213
1.6794579780653083
1.7000233110442957
1.7196131431445645
1.7381934903282903
1.7557284953578922
1.7721760136082616
1.787466417004486
1.8015901088927142
1.8145757829704485
1.8264283413591569
1.837147830749647
1.846732791277121
1.8551812955024747
1.8624912302627392
1.8686601094274693
1.873684308355984
1.8775569648756134
1.8802589119835238
1.8817526634393178
1.8820989727290933
1.88133495367371
1.8794746362002037
1.8765384244108017
1.8725871438981476
1.8676641650962116
1.86180803657913
1.8550555548773169
1.847442780831078
1.8390054999278878
1.8297794513996424
1.8198004382334665
1.8091043656625534
1.7977272294539266
1.7857050606828917
1.7730738199307736
1.7598692091269297
1.7461262957309385
1.7318784788523465
1.7171520360199375
1.7019867605433998
1.6864328208341441
1.6705338664993088
1.654332095203061
1.6378691907497251
1.6211867464861631
1.6043265969760334
1.5873311949469027
1.5702441401957086
1.5531110182279866
1.5359808723820676
1.5189091414765774
1.5019649371909995
1.4852653360964825
1.4689705194063782
1.4529076567905739
1.4369964322254922
1.4212017492356388
1.4055078156896181
1.3899214873331731
1.374439495381402
1.3590200266050319
1.3436426244224917
1.3282943001924195
1.312965661179401
1.2976491448991299
1.282334899993687
1.2670006198091388
1.2517434710749686
1.236787706262727
1.2219546834740724
1.2069866170208707
1.1916865147816122
1.1758446907494478
1.1595715865522844
1.1429576838155466
1.1260403993333006
1.1088445315913216
1.0913899175168553
1.0736942929065718
1.0557746170312388
1.0376477675138585
1.0193309426140333
1.0008419230975758
0.9821992779942599
0.9634225800292289
0.9445327194875396
0.9255525302107821
0.9065086687890326
0.8874403841511588
0.8683597896022265
0.8492705546981224
0.8301864409221474
0.811124485170411
0.7921041041004503
0.7731472063005783
0.7542791181042788
0.7355313168009974
0.7169548269154463
0.6986191341854235
0.6804619312134474
0.6624574726934103
0.64459907835503
0.6268880285119717
0.6093312400888546
0.591941411391298
0.5747403995553392
0.5577841310626442
0.5411021296007975
0.5245730697032261
0.5081801951594831
0.49191726171451033
0.4757788026656872
0.4597616673074689
0.44386446530056667
0.42808698986823873
0.41242963423332596
0.3968926638231803
0.381474883003739
0.36616804417654814
0.3509602645640491
0.3358841136437446
0.3209568961788526
0.306185941210603
0.2915569073153509
0.27709941154382794
0.26284599379731904
0.24884072870695262
0.23512303173434332
0.22173417517640445
0.20872890608723943
0.1962147706600261
0.18421254552896882
0.17260545300629676
0.1613478572821274
0.15041460657955125
0.13979002318708725
0.12946436758584243
0.11943242238969332
0.10969313879905192
0.10025029681696136
0.09111523603554995
0.08232052457221162
0.07392183545087588
0.06583842833366982
0.05803557716154647
0.050435978675414835
0.042997350070140036
0.03570570880582791
0.028537606867058564
0.021461352311415306
0.014408043667798315
0.007360636907135087
0.0003998398448034807
-0.006438148667548908
-0.013126882223688852
-0.019641888901936664
-0.025956362524420972
-0.03201843243338899
-0.03778066452485973
-0.04331405854070248
-0.04865794966003764
-0.05379037034451847
-0.058701590528990835
-0.06340062787524722
-0.06789089719729445
-0.07217446451765042
-0.0762527798338905
-0.08012684984586516
-0.08379723961684822
-0.08726395997905613
-0.09052621399026767
-0.09358187917943149
-0.0964262859545762
-0.09904715549662516
-0.10141992815515495
-0.10357750509963604
-0.10553888881625031
-0.1073120316769468
-0.10889795199725028
-0.11028332589066552
-0.11146355773289922
-0.11243777243441512
-0.1131386518464226
-0.11365635595056316
-0.11412185257228596
-0.11461201106993718
-0.11513415418783221
-0.11571047341160838
-0.11632652789080358
-0.11699002618437034
-0.11771740832902151
-0.11850477964341842
-0.11935687688879824
-0.12028255026565701
-0.12130120217399142
-0.1224463460294552
-0.12373695718448613
-0.12521483837678107
-0.12692185502705433
-0.12876007873987608
-0.1306724011978139
-0.13264988148293907
-0.13469181241564102
-0.1367963523376572
-0.13897035631634183
-0.14120925765799927
-0.14349387203450856
-0.14581626619432747
-0.14817522740611916
-0.15055546648106818
-0.15294582470667767
-0.1553416187978241
-0.1577530090192127
-0.16017397663699307
-0.16257732589856236
-0.1649044877684158
-0.16711300270227342
-0.16916627495655245
-0.17103760854744124
-0.17269601539749022
-0.17410727311012764
-0.17523266454803924
-0.17602328880161414
-0.17640710740451207
-0.176458440891369
-0.17607692450892537
-0.17516194322738918
-0.17358394736482158
-0.17109043830926776
-0.1677505040906076
-0.1637380474448281
-0.15912236180102662
-0.15394735551683963
-0.14824505056425966
-0.14204011055918683
-0.13534892178738225
-0.1281917191979854
-0.12059740469693982
-0.11258779277679425
-0.1041823148307882
-0.09539897297303587
-0.08625476797057081
-0.07676593723340563
-0.06694812675248689
-0.05681661895122797
-0.046387097672629114
-0.03567971482322391
-0.02469731976235567
-0.013433823884416475
-0.0018777986851769464
0.009999526058964755
0.02218602619258488
0.03461764293378435
0.047256971212209495
0.060077297553491775
0.07305950281145455
0.0861994180495446
0.0994808319714569
0.1128749401200376
0.1263493089695505
0.1398610454065058
0.15338955206878063
0.16692478896868188
0.18039253767747573
0.1937475870425342
0.20695525503901335
0.21997856476740726
0.23279819001742935
0.24540636206843036
0.257785037011319
0.2699132342383213
0.28176849836821444
0.29332738511003553
0.30456589079701024
0.31546071313517404
0.3259797347902884
0.3360863673675614
0.3457392874536488
0.35488398143131494
0.36339894765350944
0.37124332738758625
0.37854257106786143
0.3853448902222668
0.3916784207815713
0.3975624487552487
0.40301042705898493
0.4080256819211433
0.41262628404398716
0.4168333501729779
0.42066105502836665
0.4241219584197924
0.42723115214010143
0.43000749511790826
0.4324525247313892
0.4345713769979613
0.4363691614007471
0.43785021147356745
0.4390135493831859
0.43985595769586033
0.4404270602237847
0.44073647395404325
0.4407945830068373
0.44061420979737415
0.4402099792079382
0.43960366034042264
0.43880228523380455
0.43780350792940576
0.4366092363101658
0.4352313649342236
0.43367905526360917
0.4319599101830886
0.4300855741399314
0.42807107682999557
0.42593145913853825
0.4236966962491366
0.4213719635269204
0.4189423147537513
0.41641227375025086
0.4137862952238278
0.4110695090722937
0.40826756665234737
0.4053866011690222
0.40243329040039943
0.39941505833465585
0.3963405627579373
0.39322084564937587
0.39006948435747163
0.3869172968531389
0.38378210429578513
0.3806204189980046
0.3774117878843124
0.3741347773571269
0.3707782843977879
0.3673455246312987
0.3638057020705955
0.3601422286720159
0.35633399239350705
0.3523447598523561
0.34817861485137797
0.34387100188746694
0.3394624853039492
0.3349817212217775
0.33044627056837267
0.3258493017511096
0.3212018869480942
0.3165164096431702
0.3118037066387098
0.30707601914854676
0.3023482847583684
0.2976411693811928
0.29299311949201867
0.2884765914549996
0.28398478237144476
0.2794715889069417
0.2749247975870459
0.2703316952228918
0.2657002380406796
0.26102232815781284
0.25627530925664355
0.25144193237168705
0.24650462962468642
0.2414307266028862
0.2362629594126505
0.2310175752011922
0.22570627488235664
0.22033872709000588
0.21492332247763138
0.20946785878795077
0.20398058759639906
0.19847088574814
0.1929512336331517
0.18745019958059053
0.181981381857286
0.17647858413556008
0.17087988951939606
0.16515228280137692
0.15937378139966055
0.15357503900826217
0.14777745308837537
0.14199824743939138
0.13625236699722654
0.13055393755990416
0.12491520429655925
0.11934176777511725
0.11384044957101504
0.1084252631557409
0.10310660544139014
0.09789765409876428
