0.19731495712849537
0.1982471632075547
0.1991213421203148
0.19993773669356196
0.20069668693512857
0.2013986412982422
0.20204417551430323
0.20263402589154533
0.20316915379474007
0.2036508917650922
0.20408140688370702
0.2044660078197963
0.20480259812471496
0.20508645667091693
0.2053156949260137
0.20548919868978097
0.20560626170107338
0.2056664436446748
0.20566949725644315
0.2056153243217462
0.20550394587629708
0.2053354801000696
0.20511012461500783
0.20482814134492494
0.2044898428071353
0.20409557907297207
0.2036457248237525
0.2031406660146822
0.2025807856750851
0.20196644833060182
0.20129798242895594
0.20057565996817994
0.1997996722284276
0.19897010002713353
0.19808687612283504
0.19714973603254268
0.19615815107653414
0.1951112327472192
0.19400758760636164
0.19284507862747652
0.1916203842243034
0.19032801204865502
0.18895690815173896
0.18748050207604988
0.18591998471320234
0.18429509032342797
0.1826165572531666
0.18089263066362035
0.17913027572971144
0.1773356048781365
0.17551399891840705
0.17366997996481578
0.17180653090852602
0.16992104232780889
0.16802049999819837
0.16611993313634751
0.16422980639986537
0.16235965816065984
0.16051864393147353
0.15871465860165296
0.15695794391253523
0.15526869333605875
0.15367025098791204
0.1521926623552718
0.15082124242372105
0.14955113755096783
0.14838258087154424
0.1473173946429806
0.14635812193361716
0.1455076643466569
0.14476909637560986
0.14414556166681497
0.14364022355170877
0.14325628994036257
0.1429973354263534
0.1428681701236863
0.14286719699488112
0.14299245937279223
0.14324119971006383
0.14360633807230724
0.1440649497499996
0.1446451711388779
0.14539932222030244
0.14631890260417402
0.14738155316119983
0.14857952104068156
0.14990852995397308
0.15136595405879438
0.15295015022205438
0.1546601311047302
0.15649536616567197
0.15845562134522617
0.16054076239536844
0.16275035565241888
0.16508200865837236
0.16753016555519645
0.170108533449767
0.1728278473191025
0.17569793896765232
0.1787297741979771
0.18193696744838123
0.18534001638183276
0.18897164485357643
0.1928322873137458
0.19690990760227542
0.20120049034130882
0.20570672809306026
0.2104349700717313
0.215394901080598
0.2206000435395773
0.22606934444285126
0.23183454281705823
0.2379277416676115
0.24435883240881756
0.25116286881070415
0.25842614851355633
0.26622996980608665
0.27448305292569525
0.283140073803309
0.29215678111228854
0.30145420201144385
0.3110694848369076
0.3210441592457822
0.33139670644781777
0.3421397620155267
0.3532831700727471
0.3648351465103765
0.3768028546651264
0.3891927435664299
0.40201077569160565
0.4152625978358858
0.42895367702165077
0.4430894007569764
0.4576751024582847
0.47271584184455895
0.4882149694706181
0.5041660017010763
0.5205991874333675
0.5375625611647379
0.5551336477613352
0.5733417395173754
0.5921382771922716
0.6115061333517124
0.6314340455276163
0.651912179121316
0.6729307186199405
0.6944792506298888
0.7165464489900898
0.7391199019904645
0.7621860178763025
0.7857299802925191
0.809735740948171
0.8341860451979163
0.859062492482285
0.8843456408475437
0.9100151775047022
0.9360502068086898
0.962429793545493
0.9891342586359732
1.0161517531050472
1.043468507658504
1.0710316393515225
1.098799102245942
1.126731420924002
1.1547894234118243
1.1829336453508597
1.2111241199666318
1.2393203083156505
1.2674810892493413
1.2955647708334261
1.3235290906272983
1.3513311364508458
1.378926720829867
1.4062705198486323
1.4333239549800256
1.460046508482191
1.4863967852847724
1.5123330568286966
1.5378133555306672
1.5627953783610473
1.5872361254450473
1.6110909062830516
1.6343098755915537
1.6568218330891042
1.6786138397404557
1.6996876974347546
1.7200280822039749
1.73961609320611
1.758431709900913
1.7764547757290003
1.793665514171246
1.810044842450686
1.8255745801035663
1.8402375950475574
1.8540179079215184
1.866900765251122
1.8788726864027225
1.889921485467365
1.9000362655820753
1.9092073781847736
1.9174263304666073
1.9246856033150712
1.9309782836885228
1.9362971989810425
1.940631689562967
1.9439610557301135
1.9463087112464392
1.9476932284766593
1.9481248213179037
1.9476178998296128
1.9461922527126518
1.943864893173315
1.9406523509960414
1.936570682325731
1.9316342306604688
1.9258471537346782
1.9192302614542367
1.9118329859919359
1.903691909877317
1.894841129540352
1.885314374193276
1.8751458245246624
1.8643706264631297
1.853025358618109
1.841148600354976
1.8287817788158918
1.815970653985792
1.8027684470027205
1.7892449779714543
1.7755326630217145
1.7616522094652134
1.747526924300511
1.7331292552507869
1.7184506738093726
1.7034897207718627
1.6882479089119735
1.6727282044997684
1.6569402286464232
1.6408922631315295
1.6245911617020916
1.6080414220294952
1.5912426565978375
1.5741809449125872
1.5568067408117234
1.539185564954714
1.5213680625298418
1.5033602586062493
1.4852148265174416
1.4670001423825703
1.4487647301423376
1.430551263639667
1.4123988876997333
1.394343514852185
1.3764161794208252
1.3586303730240237
1.3410047303864145
1.3236431752882318
1.3066220800641808
1.2900122688172437
1.2738877356328604
1.258334262028167
1.2434711919887818
1.229402963702486
1.216281927181979
1.204259013424465
1.1931058797808887
1.1826167814623632
1.172685974429196
1.1632657283924495
1.1543168354856046
1.1458084099443222
1.1377171830881567
1.1300271916425066
1.1227309252684141
1.1158342603149962
1.1093888575831707
1.103415174559691
1.0977707506939531
1.0923887830683199
1.0872293712539514
1.0822716469503906
1.0775358646218243
1.073003387013918
1.0685652375475434
1.0641624043714775
1.0597512954723165
1.0552962509384656
1.0507667152486397
1.0461356531250265
1.0413783767860794
1.0364713457956731
1.0313901604937419
1.0261020330501376
1.0205810947381833
1.0148270872580625
1.008852702457803
1.0026613000526454
0.9962545510423413
0.989632828395789
0.9827960640229099
0.9757439556958406
0.9684759821579868
0.960991312651102
0.9532886295559937
0.9453658486586599
0.9372196803304677
0.9288448827532555
0.9202327476229217
0.911366325291669
0.9022096194381042
0.8927761659587654
0.8830627295366441
0.8730438517231349
0.86278423172381
0.8523164623253685
0.8416620688210732
0.8308324630804974
0.8198261640307162
0.8087124908367388
0.797567341769794
0.7864096428942382
0.7752370560872032
0.7640916712752043
0.7529855141307584
0.741870860727657
0.7307339751664066
0.7195704041358638
0.7083779218975161
0.6971375812477336
0.6859146894349767
0.6747522125650508
0.6636442395514927
0.6526094117511486
0.6416631686718709
0.6309023053604599
0.6206195241076629
0.6105749864060878
0.6006258207441371
0.590778791533941
0.5810634073671407
0.5714884644766531
0.5620445686946105
0.5527325252642913
0.5435570260008387
0.5345253128555895
0.5256466595544586
0.5169320955628622
0.5083942496656553
0.5000472770332841
0.49190686485161456
0.4839903342992564
0.47631689066112254
0.4689081538396722
0.46178936666621234
0.4549931540886408
0.4485767375088941
0.442544255408643
0.4368834823965114
0.43160386166792974
0.4267245609559045
0.4222790067092866
0.4183435430343192
0.4148850394237597
0.4118560250344957
0.4092387512722786
0.4070236054680261
0.4052052860841832
0.4037814040763794
0.4027519295157223
0.4021191119797271
0.40188786062225823
0.4020669292367764
0.402672571650422
0.40375045523176245
0.4053054881171218
0.40727680874460115
0.40963850978927374
0.41237452906539485
0.41547393102494856
0.4189295020314432
0.42273731573810563
0.42689659557251747
0.43141052243000994
0.4362875322648769
0.4415442786700771
0.44721442297837144
0.4533957050796274
0.4600699837139748
0.4671303635859039
0.4745315882187546
0.4822412169912734
0.49022740720471325
0.4984689020285401
0.506951421142913
0.5156701409958948
0.524624132599864
0.5337949113684268
0.5431805289583489
0.5527930483450119
0.5626692144797126
0.5729426299669421
0.5835998118115142
0.5944048386163413
0.605276467643557
0.6161694490301528
0.627038864521111
0.6378456659789615
0.6485621776946014
0.6591297351698517
0.6694858418793567
0.679619039782833
0.6895072258261835
0.699110738610573
0.708387852845758
0.7173353442384589
0.7259271554349874
0.7342052155560207
0.7422187757567721
0.7499941150051556
0.7575526500002007
0.7649115736711866
0.7720856505704856
0.7790908471136223
0.7859437712343252
0.7926588295826641
0.7992743636578635
0.8058270282543262
0.8123784352189342
0.8190280853476474
0.8257145997371897
0.8324044035613567
0.8390840238736461
0.8457478332537951
0.8523973736813559
0.8590577701331712
0.8657253312473032
0.8723767951407209
0.879005548504823
0.8856104725105506
0.8921942018289573
0.8987628485092503
0.9053266413612373
0.9119036371992523
0.9185176651985842
0.9251810071567419
0.9319474464393184
0.9388290225286196
0.9457669382695372
0.9527533811769568
0.9598282768985718
0.966898091666285
0.9739347564145034
0.9809188266298613
0.9878446163704478
0.9947153541126826
1.0014935730854035
1.0080110491222538
1.0141330955450436
1.0198802817115455
1.025293201858868
1.0303959104553653
1.0351943400533103
1.0396729044957496
1.0438232630685396
1.047638747424064
1.0511135287391802
1.0542423724960088
1.0570204549026005
1.0594429477605891
1.061502883342152
1.0632011485071182
1.0645414099715758
1.0655231469033475
1.0661464690244187
1.0664116308402978
1.0663186422956072
1.065864610731185
1.0650520182602194
1.0638942993248008
1.0624012500506714
1.0605828987594699
1.0584509013662977
1.056020073552557
1.0533113107556817
1.0503592791457406
1.0472640276526848
1.0439690604318277
1.0403725326019269
1.0364259419165485
1.0320869358150024
1.0272983856001936
1.0220612576912453
1.0164068875279182
1.010347118922921
1.0038900810677969
0.9970428839517672
0.9898123024819004
0.9822047424353898
0.9742246901945334
0.9658761501725578
0.957175274884759
0.9481329495720733
0.9387663504236794
0.9290904802272454
0.9191129161601552
0.9088646500000956
0.8983888761077341
0.8876755623004352
0.8767274834979162
0.8655513951515419
0.8541526063413695
0.8425233710559441
0.8306951241274476
0.8187061861724768
0.8065844481697003
0.794346770036837
0.7820267459854578
0.7696607798326045
0.7572512609686798
0.74481092057424
0.7323557139658149
0.7199034236225178
0.7074693616952159
0.6950650755422559
0.6827132101359267
0.6704412842769847
0.658272979964045
0.6462261691247662
0.6343215015822012
0.622586775762539
0.6110464409459198
0.5997237768564416
0.5886439722891179
0.577834835904383
0.5673152216324395
0.5571077294262535
0.547245490233019
0.5377737090839517
0.5287174773964772
0.5201529715711707
0.5121810650709597
0.5046766741701887
0.4975574368603346
0.490782268723878
0.48432251336289445
0.4781588683871839
0.4722793466127949
0.4666638391945261
0.4612959326672894
0.4561643643625242
0.45126121363698113
0.44658227412429957
0.44213045890567343
0.4379267578709613
0.4339460210847657
0.43014976626507223
0.42651682937591784
0.4230310030315434
0.41967842377526066
0.4164488531067096
0.4133341349681451
0.41032677119917915
0.4074202238085213
0.4046089694372204
0.4018885653975302
0.39925577938623186
0.3967088718873307
0.3942482362044813
0.3918774459417047
