0.2585557224849716
0.26116382761569434
0.26373134336252924
0.2662576753423807
0.2687422864242531
0.2711846949531027
0.27358447278651016
0.27594124315102786
0.27825467832495415
0.28052449715389455
0.28275046240501595
0.2849323779648815
0.28707008588451965
0.289163463273502
0.29121241904217177
0.29321689048744554
0.29517683971229275
0.29709224986122623
0.2989631211425252
0.30078946659008327
0.3025713074893637
0.30430866834488285
0.30600157118461807
0.30765002884420595
0.3092540365667172
0.31081356056484355
0.31232852039615566
0.3137987561034354
0.3152239409198562
0.316603152826083
0.317936505738935
0.31922478162141865
0.3204682912202472
0.3216672188250058
0.32282167781974097
0.32393172866330294
0.32499738595640854
0.32601862112054963
0.32699536300634835
0.3279274974743702
0.3288148665547078
0.3296572677012213
0.3304544538271256
0.33120613539631516
0.3319119874841951
0.33257166988282716
0.3331848903074778
0.33375178833194696
0.33427237216757866
0.3347437686967644
0.3351638071035844
0.33553035263490105
0.33584100473153095
0.3360928264375501
0.3362818107026605
0.3364007274447972
0.336438251520536
0.33640449904358954
0.33630496319358666
0.3361423986621775
0.335918640842935
0.3356350486580741
0.3352926902100859
0.3348924387183438
0.3344350286431846
0.33392109142345405
0.3333511797011027
0.33272578454967333
0.3320453481904271
0.33131027363764326
0.33052093213319894
0.32967766886990607
0.3287808072363359
0.32783065155527963
0.3268274879385789
0.32577158226700537
0.32466317294467467
0.32350245224016355
0.3222895147945973
0.32102409606197985
0.3197057538725223
0.3183360559658455
0.31691608066929794
0.3154467503816481
0.3139289516244418
0.31236353254992555
0.3107509755143221
0.3090930593658601
0.3073925355774481
0.3056497580530521
0.3038659130016745
0.3020423752177868
0.3001806353129196
0.2982822756383942
0.29634896050092135
0.2943824333604171
0.29238451913347585
0.29035713157843585
0.2883022868883593
0.28622212602153363
0.2841189510192916
0.28199528774786425
0.279854015901604
0.2776988800219255
0.27553350100656093
0.27336178044417125
0.2711890262180724
0.26901415578097254
0.26683864933805973
0.2646655376391316
0.26249962718204856
0.2603509566148648
0.258227825078179
0.2561219142903858
0.25403062362956313
0.25195358663271966
0.24989134317495879
0.24784496972672077
0.24581592126278584
0.24380595905684926
0.24181712739263742
0.23985176958670676
0.23791258954336225
0.2360027863548983
0.2341263438270346
0.2322887772747913
0.23050110842254867
0.22877365241782804
0.22709458403552255
0.22545710953497552
0.22385718030966378
0.22229167153674143
0.2207577800277618
0.21925274958814078
0.2177736545482635
0.21631700027367787
0.2148782720637402
0.21345525525686546
0.2120421092374219
0.21063461970556419
0.2092387507784908
0.20785647056729925
0.2064886150879134
0.2051355610584744
0.2037974418601638
0.20247424996958677
0.20116589673780422
0.19987225292575075
0.19859317982233538
0.19732855590862727
0.19607830220232236
0.19484240911427766
0.19362096897744618
0.19241422397793148
0.1912226658556273
0.19004753078508646
0.1888894802647265
0.18774762279976862
0.18662197937464794
0.18551292532009342
0.18442106244695267
0.18334711205948157
0.18229153891107294
0.18125409315964836
0.18023896807424092
0.1792488815135134
0.17828399259642144
0.17735998190522503
0.17649325067312643
0.17570440281960203
0.17503671853864955
0.1745228815441395
0.17410614635670352
0.17376212266942828
0.1734757031155184
0.17323501133174185
0.17302911107452015
0.17284599427814254
0.1726681060436839
0.17245466198239748
0.17222914385275026
0.17202933397432318
0.17187961293355025
0.17181010735610155
0.17184613523719805
0.17197303386617444
0.17218917067737763
0.17249754280556634
0.172903306937563
0.17341323577776327
0.17403565062225534
0.1747805979679318
0.17566024932342741
0.17669017640000237
0.1778892055993468
0.17928084946088216
0.18090076841836236
0.18282259995677103
0.185150999861174
0.18774992777249944
0.19055179487447302
0.19351788539462542
0.1966204351089346
0.1998376836705375
0.20315171119369832
0.2065472857654916
0.21001117286728882
0.2135316871854952
0.2170983841281504
0.2207018374538801
0.22433347259669495
0.22798543715449016
0.23165049642736005
0.23532194537399095
0.23899353000918022
0.2426593714406465
0.24631388412907068
0.24995167513431318
0.2535673986940537
0.25715550548117505
0.2607097013786396
0.2642211575481989
0.26767251928386965
0.27106872924558245
0.27442575144130826
0.27775172573478246
0.28105306532858426
0.2843359044337424
0.28760676829708354
0.29087311718308745
0.2941439976320745
0.29743106176525524
0.3007505683038381
0.30412875991226684
0.3076328310184598
0.3112743983453666
0.31497135120745545
0.31868942280567863
0.3224081018290531
0.3261171006206082
0.32982048764901295
0.3334797655978022
0.33705808429026757
0.34054032523545685
0.3439176510554821
0.3471793541753252
0.3503153678574405
0.3533165911992732
0.35617506455486475
0.35888422637265227
0.3614394573448341
0.36383960303168855
0.3660958920376398
0.3682057709836256
0.3701376924920686
0.3718737311616931
0.37339945274139935
0.37470181042707573
0.3757682811175608
0.3765862278759337
0.37714216258151506
0.3774205474438964
0.3774011245386574
0.3770471060532366
0.3763075074728708
0.3752317401301134
0.37383130632308703
0.3721279483762939
0.37015569233124795
0.36793574562930553
0.36548507697162336
0.3628172984685063
0.35993842771976503
0.3568539353529275
0.3535929925477887
0.35019320776911245
0.34668849791077233
0.3431120144358247
0.3395029766318673
0.3359157605067504
0.3323471455411987
0.3287992517491493
0.32527554812452886
0.3218044077192875
0.31841920811383156
0.31515046822524456
0.3120300712434208
0.3090926856612337
0.3063775361086358
0.3039325654011073
0.30182747439605984
0.3001005163685715
0.29880860045494656
0.2979858212104236
0.2977602711317694
0.298201354869268
0.2991235380589718
0.30045094538818745
0.3021425021945925
0.30416521177733313
0.3064984008871409
0.3091358469647048
0.3121097925591917
0.315423151326147
0.31896833356529014
0.3226853631972048
0.3265271882099345
0.3304513930119295
0.3344164251383182
0.3383773547208475
0.34226910329589294
0.346032916854736
0.3497028287410925
0.3532824607450188
0.35676648165134334
0.36014632535440544
0.36341175336459425
0.3665514285803066
0.3695531669271016
0.3724049411930587
0.3750896353319669
0.3775489080750984
0.37980020107779255
0.38184654222433767
0.3836832469401148
0.3853047441155927
0.38670605595355184
0.3878738972273976
0.38877843477207397
0.38945767813480936
0.3899323765550776
0.390196427607653
0.3902431088474296
0.39006561355277697
0.3896925873269549
0.3891467406127394
0.3884480230596982
0.3876192640174626
0.38669390662009884
0.3857422737188194
0.384728907860878
0.3836094507475269
0.38236461473737804
0.38098002387678676
0.37943579198639577
0.37771289641232353
0.3758536055947271
0.37389946709846716
0.371876230055855
0.36977030001382716
0.367576597455795
0.365316188742724
0.36296524973420885
0.36050132739424307
0.35791401768509373
0.3551958387951213
0.35233751861910334
0.34932230866944247
0.34617575567917347
0.3429142415300043
0.33955304252549096
0.33610784434592506
0.33259360061455834
0.3290253342266788
0.32541652703675505
0.3217938933368461
0.3182040366522547
0.3146679187651258
0.3111690397781368
0.3077083203338074
0.30429079623048655
0.30092314884864324
0.2976128676200217
0.29436785326647696
0.29119619006326153
0.28810599973107665
0.2851053420901325
0.2822021491419691
0.2794041929719086
0.2767191068241083
0.27415452992095535
0.2717186590515965
0.2694228439410028
0.26728854589993717
0.265277819550382
0.2633333336453552
0.2613772676278387
0.25961723601302655
0.25815601332043364
0.25692989900350083
0.25593633336916627
0.25521747934130057
0.2547785098482361
0.25453559462875197
0.2544476100438182
0.25448716878800026
0.25463310603438
0.2548680673083139
0.2551773540925571
0.2555482203920217
0.25596919126341783
0.2564280731421452
0.2569193579809931
0.25744177123846945
0.2579936846753446
0.2585748209374457
0.25918681736983756
0.25983387769910665
0.260523950384221
0.26127171414701916
0.2621119804454015
0.2630752022495581
0.264129733011591
0.26523720137803897
0.2663793624777444
0.2675440253204074
0.2687223755927286
0.26990796056136807
0.27109629862999507
0.27228554122604437
0.27347238286743386
0.27465054928974697
0.2758127693969355
0.27696474127448445
0.2781123935969966
0.2792734671754454
0.2804515046703672
0.2816457525936073
0.2828600235423681
0.2840996251422222
0.2853701472597525
0.28667824215996845
0.2880522786929033
0.2895136304380427
0.2910196748891992
0.29258840419142573
0.2942390217379261
0.2960018710108401
0.2978910542000794
0.2999063878627776
0.3020682816801372
0.30444330854463825
0.3070620159459054
0.3097954050664756
0.3125634185958107
0.31528542026436457
0.31793306066688787
0.3205130645428846
0.3230622996552644
0.32560714480917086
0.3281512337438093
0.3307171284268995
0.33332612207669937
0.3359953441411883
0.33874832181617737
0.34161836277746294
0.3445883979174267
0.3476373047087851
0.350741300368748
0.3538874224486072
0.35706715857071664
0.360275914563635
0.36351449167781086
0.3667943917530753
0.3701735677316362
0.37364664746929455
0.3770863848851643
0.3804219320708706
0.3835888799576612
0.38656279953455497
0.3893072182494312
0.3917994665915395
0.3940004471993749
0.39590374544373735
0.39753938295017666
0.3989152768145553
0.40003515097209313
0.4009006671250939
0.4015123960703699
0.4018702485848326
0.40197326080824974
0.40181704034405263
0.40140463627615636
0.4007432485355829
0.39983726914099654
0.39869448928682755
0.39732195667352044
0.3957264458604112
0.39391501355951924
0.3918953298409355
0.38967650898079365
0.38726889448357177
0.3846782164499963
0.38191184314196536
0.3789887272631331
0.37589616709175827
0.37259502405746087
0.3690914152501725
0.36541455764804676
0.3615761211861263
0.3575798578080495
0.35341565938837527
0.3491009739664728
0.34464572472569227
0.3400853595498689
0.3354499366086908
0.33076240247781596
0.3260433337398484
0.3213121760342245
0.31658793915637456
0.31188983436956264
0.3072382383025771
0.30265747183911434
0.29818325132868073
0.2938260608698947
0.2895901132855396
0.2854631676760955
0.28144273140505077
0.27753010004672285
0.2737296236539484
0.27004802763266283
0.26649692408090914
0.2630888531158717
0.25982260718420813
0.2566989587367008
0.25371958895128094
0.2508919030796682
0.24822872954990066
0.24575420368317488
0.24352749042376903
0.24153209901394054
0.23970653502092046
0.23802539782909604
0.2364615508288881
0.23499793444339473
0.23362184241466646
0.23232358838718242
0.23109593863570183
0.22993400322893173
0.22883563548311
0.22780332467226297
0.22684939148344593
0.22599089410649778
0.22521730637970447
0.22445911278984082
0.2236666977861499
0.2227958955974623
0.2218713919837333
0.22091438464285204
0.21993525206854586
0.21894381648716005
0.21794569050287319
0.2169536492208702
0.21596433017414302
0.21496432261533252
0.21394883982589882
0.21291525116893723
0.21186219440568319
0.2107891610941782
0.20969647977682998
0.20858540205156917
0.20746190820449154
0.20631966707456387
0.20515799818710012
0.20397768692147963
0.20278072107771378
0.20157050671858837
0.2003458297570463
0.19910643257706925
