9.956406450888737
9.957167107861238
9.958915183473628
9.961093243015583
9.963526103057458
9.96624037466616
9.969265356662381
9.972845709597278
9.97694606286962
9.98152115543753
9.986822678067146
9.991535704716233
9.994269419953188
9.997066133301317
9.99992583274539
9.997151438667647
9.994165581971465
9.99111644201021
9.988003807815861
9.98482741375007
9.981586941582977
9.978282023738162
9.974912247994776
9.971477164011628
9.967976292132871
9.964409135065173
9.960775193204208
9.95707398467213
9.953305071574125
9.94946809471712
9.94556282030739
9.94158920449452
9.937547486326645
9.933438330112438
9.929263065038688
9.925024156752354
9.920726480208033
9.916366575662671
9.911864307216225
9.907228851187941
9.902438983106466
9.897518410970608
9.892440100928766
9.887247737060813
9.881834466293304
9.876260267933818
9.870465979776707
9.864395354075608
9.858090189190406
9.851406061761676
9.84461904490743
9.837321434243336
9.829682759357492
9.822058865456869
9.81382139971015
9.805236202038884
9.796159196553191
9.786087366069044
9.775064978324066
9.763689460988479
9.751804505240322
9.73824033034113
9.7226315873109
9.697638308441848
9.687167100097998
9.676345560553411
9.664483378065476
9.653277977979988
9.641852750034827
9.62897795689101
9.615933541413403
9.603759108040705
9.590148136286917
9.576235963199283
9.560894079075542
9.546355185249034
9.530114986202143
9.514964587820726
9.498036060466337
9.479446930373674
9.461786929868616
9.442173704183293
9.422158117630103
9.402018596360284
9.381221273323874
9.358385992105212
9.342763821275952
9.328112787825072
9.313393016630577
9.298215332520035
9.28330045163582
9.26798687948123
9.25224974604965
9.236206906008483
9.218910363318724
9.200397803310311
9.180986027091256
9.158857209357478
9.129780167922698
9.113741525348836
9.097659197199917
9.081184478128336
9.06554658447072
9.049980778813097
9.034457306103478
9.022533250821104
9.010938867354954
8.999074587128922
8.987642489420178
8.976673679804751
8.965509078657147
8.954883739903964
8.943225754592799
8.93210817379328
8.92049478417358
8.908915315860819
8.896200656001572
8.883482285675468
8.86957081105206
8.856287683251162
8.841800613428495
8.824124297571112
8.805153252385574
8.850597845822197
8.910371957009538
8.974593813129962
9.041685681705594
9.112250092708624
9.176628241624147
9.253518723401633
9.32278589015944
9.397370156606453
9.47831131390705
9.556080923092749
9.635010051017524
9.715204911529128
9.79741432540955
9.8796989832679
9.952276222659673
9.96320586923585
9.877591043962044
9.803829406010774
9.718546831597774
9.645280043518095
9.57147101841076
9.489110802917722
9.416859293667105
9.346571350427592
9.286010237140035
9.218025374471798
9.150555921243166
9.09471078713869
9.030614444386183
8.976875785742777
8.925863268443905
8.875558379913834
8.828225343986832
8.788973489857947
8.744340465512447
8.709560142557288
8.676441898624672
8.643944950295861
8.62009934378742
8.590889923395943
8.569877092468039
8.550196591978937
8.53186647465505
8.514899331995885
8.503616196484252
8.489147853927008
8.480966636491441
8.472637812716297
8.46624446523392
8.463999841713232
8.462233785910676
8.457994306592804
8.458240751979833
8.46056576041059
8.461394855023556
8.465654391296443
8.469050412458962
8.473817732526594
8.478278667527679
8.482387021907199
8.488615243134047
8.492808100837728
8.497191983648841
8.499346008413971
8.502734780577669
8.505003466666556
8.507392399440821
8.510695795585804
8.51410994960541
8.51746605329276
8.520760904851063
8.523995572615535
8.527175638869572
8.530312415982303
8.534035478227898
8.537920039046305
8.542021243959212
8.546364769164867
8.556485175513608
8.567056375389402
8.576719343112469
8.585432037332815
8.593316075027493
8.600956127828354
8.609107577383396
8.61704166084688
8.62442224627632
8.631651812980637
8.638748071008338
8.647637005266585
8.655287022625753
8.661978522715302
8.670787724966951
8.67484883174814
8.67682493278721
8.67823548726472
8.678694023111655
8.687771512925709
8.69968950291825
8.714612194221434
8.732681348971603
8.757714619310512
8.782604251489985
8.81279044070817
8.84447834171003
8.881894001805835
8.918781990873176
8.96872077548349
9.013040775899475
9.06618384618346
9.13136774004865
9.203161936847312
9.28672104911852
9.392422220954838
9.519583538197697
9.613675590573454
9.62268008124292
9.63224392128738
9.664800400977002
9.684149223956142
9.699255373964649
9.712771621374426
9.725302780246379
9.736236395732947
9.747202345712397
9.761041284523618
9.770777469612726
9.77473655143688
9.781055433629852
9.812083546646218
9.840429561986795
9.87182347701994
9.900651190120628
9.930402776603486
9.963417479742647
9.989052806815867
9.982051029912792
9.948899739097763
9.926097159380266
9.885075479527037
9.849118189479906
9.822239760510955
9.790522244042592
9.750527110448601
9.717216205464915
9.68025342252272
9.644252403834283
9.593740734384294
9.545948717603736
9.507093133137758
9.465007298164874
9.40141512810111
9.359380827566762
9.314027989839584
9.247043042470887
9.212638789021232
9.182443605172125
9.142187738987401
9.11225562668708
9.078269040011275
9.039729207531838
9.001558229044157
8.963056555231578
8.91258799115702
8.894807809378035
8.861179313581744
8.840589956815512
8.817914912578216
8.798925569681032
8.778390900523748
8.758271490764368
8.733457776140806
8.712315274521046
8.691886078920778
8.684758785826117
8.65815140704869
8.633730876784739
8.629196222586684
8.626889158559623
8.620050887729343
8.607139741285202
8.592682910650458
8.576827351220732
8.557729010576404
8.540904227784177
8.526415867325126
8.505448161260723
8.487384237420928
8.48035745766201
8.472466719183544
8.463447182866904
8.456507738817114
8.44894689118674
8.443078006766063
8.439107957631464
8.429688728295732
8.424906991639213
8.423306774923585
8.417283117887454
8.42742562333541
8.433676903724452
8.448515343375428
8.450685835070232
8.46798155106895
8.483589818569587
8.491928310734373
8.510018325059278
8.528664398931072
8.54403299477755
8.562763407947093
8.587326706234085
8.61624691082397
8.641181975702848
8.662942038143234
8.73888931862276
8.868863564305792
8.967279466654448
9.102163736091704
9.231558695450827
9.359230240027571
9.47363531472395
9.547610186720384
9.643212640596907
9.745429614777825
9.868653110613142
9.964929706191581
9.937227341784482
9.83938434974744
9.746694121828734
9.654682896880162
9.561552776339008
9.45877435791013
9.353903989444664
9.244646811794745
9.162611983331958
9.055635625031323
8.971562902986976
8.86890077735601
8.785366726635694
8.668220963717399
8.556180420637558
8.428341887808553
8.267897293705024
8.112091044458651
8.069482068133166
8.02392564368991
7.982127591793427
7.9435604462888545
7.899880171782797
7.877501847809935
7.843885218565503
7.820402084978133
7.795972700764794
7.7800844644839176
7.758391647262465
7.736213411420872
7.719001206389178
7.689057364556634
7.660828831987001
7.642874752911364
7.6268876098825
7.601554504194156
7.583093643381387
7.565015124160153
7.548285315565085
7.531748657062444
7.525613498247735
7.505899841748661
7.486605050740689
7.683695349209061
7.948173580011993
8.13345122557653
8.309329103063286
8.472237448893551
8.635549593992586
8.794755923033687
8.9862533769624
9.145761855808862
9.334307444608491
9.522577321014058
9.632158455787737
9.722815996310874
9.811000644392468
9.899661118486037
9.985948607437752
9.844063671147357
9.674755216322737
9.396995097772681
9.212344582192465
9.192266152996897
9.183365417755867
9.15523326465329
9.146978739093983
9.130357635088236
9.114778120789065
9.103095817872024
9.071879532113954
9.054928323631826
9.045115211805083
9.025662080193666
8.992128051420664
8.964007830359446
8.927183207122507
8.901630891095893
8.853864093462306
8.789158961864578
8.724841471051235
8.441407974046179
8.399286014263051
8.37506889612569
8.34462472005198
8.29657119902493
8.261762653692413
8.220144706875711
8.188526831355952
8.142024613481908
8.112201124647271
8.075039471809927
8.035469636227878
7.984479327207784
7.945899152226799
7.890313315372559
7.8578039184800925
7.818629531064945
7.803084054983578
7.784848080637009
7.764618963718032
7.751254711600507
7.734881094847768
7.729268490464253
7.71450798651752
7.703519355880232
7.698563721590221
7.7014666809089904
7.703540738418661
7.7034640471841005
7.700100467319794
7.715028872736726
7.718267488762319
7.716170145136941
7.7238079254401715
7.739560304001377
7.747299851169976
7.75158704790883
7.766447754701278
7.77807417493412
7.782425547949375
7.785184503261241
7.7934343774764026
7.798218160104859
7.799841360571217
7.812587142143148
7.812998259756392
7.826366523626106
7.823552799207154
7.856107263595723
7.894987670828046
7.923671520452439
7.95473045037517
7.9780689391187245
8.005348041065846
8.025917759686351
8.049853223276811
8.07001398132291
8.095442496515922
8.129998737251858
8.151029440590415
8.184411366164802
8.218211652164841
8.238965272768478
8.268508841069576
8.289231526447448
8.307616312355702
8.318543393095197
8.337012122311307
8.347303030756464
8.360420253282449
8.37161867487843
8.390011630168644
8.404332197677386
8.417307051174648
8.431437277813952
8.44596817434605
8.460106254380328
8.534964811373353
8.63760394573935
8.751710938913599
8.809989750990315
8.877824528972527
8.678383753429898
8.67196566322873
8.69109442971311
8.692798206904774
8.708390689356818
8.711188181015228
8.728993111780632
8.747559488423438
8.746052746904008
8.741799249231203
8.756889863849931
8.74288806319662
8.715470505902616
8.704420829920718
8.730220685287188
8.73887310216393
8.747400442612813
8.76950044816793
8.796405039808432
8.814691107832443
8.836082803990184
8.850706097303709
8.865145606957034
8.873639968776521
8.979092871249804
9.044969793133601
9.090224660978812
9.131507231951566
9.154501823373453
9.19600224916282
9.22136281730982
9.253240980125062
9.36560586366365
9.560507232145403
9.67133522990331
9.796501857989853
9.897899365872252
9.959263351915677
9.959674001548933
9.919165684007982
9.899596306014633
9.901097484617114
9.87751823054036
9.869126456240036
9.868191939975192
9.850565541946597
9.854454931837035
9.841528287346769
9.84048899391135
9.827277308505018
9.83644257968017
9.816816130792658
9.820171339211575
9.830257795023806
9.814989065226799
9.82150998470036
