9.899902772670929
9.899729976294706
9.89955969881729
9.89931618426754
9.899262767436715
9.899214505473058
9.899226409644287
9.899385809051614
9.899609016827952
9.899840356292803
9.900375732741454
9.90038687498351
9.900231499309047
9.899949721189428
9.899692357418232
9.89945868270741
9.899247898920557
9.89905912399867
9.89872330477802
9.898573178574168
9.89844180205762
9.898152685422406
9.898052329304537
9.897786390574996
9.897710372182647
9.897460213919457
9.8974001317601
9.897156429449208
9.896910566819638
9.896852577560127
9.896594273531177
9.896322503065402
9.896231983387363
9.895920084543178
9.895577841293203
9.895403075658248
9.89497823111559
9.894704864912002
9.894154408619864
9.893517655383022
9.892986800571776
9.892106384942526
9.891251784929405
9.890301241016155
9.89015562719565
9.89034818324971
9.890609516256127
9.891269415468237
9.891724548117855
9.892711590846378
9.893076963814242
9.893833093644893
9.894768485104532
9.895891574581249
9.896896271928618
9.897248195465695
9.898143651085265
9.898562840960292
9.901288870933382
9.902994370905782
9.903907062842872
9.905684615771017
9.906604988647477
9.906757232011241
9.906186267337379
9.906179519645203
9.905411257476594
9.90470731732962
9.903914133661086
9.90209204330179
9.90034006935603
9.89870279978436
9.897482680124122
9.896509625340753
9.896220358622383
9.89765040414542
9.893343996406944
9.88759099331794
9.880324235976921
9.871483735030841
9.861033584342891
9.847699000312721
9.83911570401302
9.834793256089023
9.830499387227217
9.826146093382338
9.82174398284486
9.817000625148511
9.812487010634923
9.807953554691535
9.802971431918374
9.798382231027976
9.793270861358573
9.788676896706354
9.783444942191613
9.777205365404106
9.771771900831563
9.765627306589924
9.760346649706207
9.754221765693606
9.747913882543598
9.743164227452773
9.716927328725047
9.691537488706206
9.67618752224362
9.662198179283667
9.652000679366834
9.642016212810264
9.631288348319156
9.62067179033798
9.612745593289064
9.605552222876959
9.606595058141384
9.626338878080453
9.644091685670542
9.650590899985566
9.654511504333778
9.652748987353561
9.652589542925446
9.654361165052796
9.656849277270942
9.656863115016252
9.656788766574161
9.659338447798461
9.664003693375815
9.668979143073082
9.67340823454489
9.67779982651126
9.684501774835018
9.68827097025695
9.694406191769408
9.694543798880247
9.697114954440785
9.699235296683561
9.698100057106911
9.69358536999959
9.688609977774746
9.680489716514323
9.675227069619819
9.666899305535875
9.664708559159598
9.65649123447389
9.65121212873267
9.642657012152865
9.63434606745281
9.625441810969303
9.616876536242051
9.604956523101148
9.592884518101869
9.581374171275108
9.56905793108823
9.557420534160697
9.542423195325286
9.5297831049596
9.518001860841082
9.500543691088344
9.485425290488328
9.473661223937688
9.456398632951652
9.442173100511441
9.413858131293523
9.391011546469096
9.364867895464736
9.34214154582294
9.318307918674341
9.292942389820917
9.27278149804632
9.25014263557271
9.227224105678806
9.204270387286963
9.18362935854637
9.160163436561204
9.139852251039734
9.118067951333126
9.10038167670865
9.083163467156023
9.066462207507005
9.050360071191088
9.034168073942215
9.018275923166334
9.004147530257978
8.989888609767192
8.97649543876091
8.966450335318166
8.953850237168833
8.941571752297536
8.927349007603768
8.91585318687207
8.907311759308739
8.89668569886527
8.888886968894285
8.879287569764864
8.870233815921281
8.86174516125971
8.853839261653928
8.846532094592444
8.839838055297077
8.831742975356079
8.826364864217505
8.82394496901153
8.81800849251827
8.81464011743795
8.811940128680366
8.808224111841712
8.805300586469354
8.807008370922029
8.805497773171533
8.804811083259873
8.80489679923344
8.804355052733632
8.805635209359137
8.806607610709973
8.808423926594543
8.812084956265295
8.813198825841141
8.813845609245682
8.806733553285332
8.813887578474004
8.821346910569744
8.826331761726067
8.834175221509476
8.84239240313824
8.8508250985443
8.859463752396895
8.866304755916168
8.875542206372126
8.88280201374785
8.892390958043993
8.900229722059155
8.908122511404995
8.914533057628933
8.92216726797206
8.928603314983715
8.934985345748053
8.939585393531642
8.947103983593468
8.95160770944277
8.957462328761011
8.965584075993139
8.971359499829848
8.97779294084006
8.98312094067859
8.990517028076614
8.99891060114378
9.007355053248329
9.019787958065901
9.037710433313487
9.053684485757323
9.075660489501686
9.096462217729403
9.121071176247561
9.143355460405889
9.175333554470683
9.200868412289307
9.232682864085707
9.2929394443029
9.34869934776931
9.39858432696816
9.448923442172054
9.49341090128409
9.54579080090047
9.585310500842441
9.63238014789222
9.6695765149455
9.692294900796684
9.712028879653221
9.726865668460237
9.743320531567747
9.757193703680455
9.772415399367992
9.787088169900294
9.798466542245901
9.815410379018552
9.828461214688527
9.84295655798528
9.858403218273459
9.868795833683023
9.884834049167017
9.955758055835002
9.992218639749609
9.998815800009037
9.986222406559634
9.994092745791079
9.991036693923293
9.984353983157405
9.97084281605456
9.953666380314392
9.918581802414007
9.91561922412024
9.912602420699857
9.909756842230857
9.905607862052697
9.901558802367676
9.899211280397058
9.895841735936076
9.894138171058124
9.889257751477462
9.903800368842953
9.926116435479992
9.93976164183303
9.951015701047945
9.958539356094118
9.970236475041498
9.9762597363603
9.98108315472596
9.986902413337033
9.988978753502334
9.991497858975187
9.98957346989176
9.990462489155716
9.986021413009187
9.983140957799106
9.9745813454219
9.966940126936892
9.960557079693608
9.937371749624711
9.917184345410506
9.899704234866377
9.885782186744912
9.868170806987989
9.855618849183221
9.839664854618022
9.829332781095795
9.821702036090134
9.808341508565887
9.79857924437076
9.78835112395465
9.776881142385944
9.767044915738897
9.754839521102198
9.740005218804288
9.734871767908508
9.659693914131354
9.620226147045914
9.596036350125928
9.590555506746183
9.590373257655457
9.578596592476071
9.58004453084945
9.57475639090333
9.57586386295051
9.569338894691885
9.564639770616566
9.564587351810221
9.553270364296884
9.55150876752598
9.543378366693858
9.536389233182115
9.5359970611804
9.525832557974354
9.52464798034908
9.511698631159737
9.509930450043406
9.50875968321454
9.496958612884818
9.498616406496208
9.500136125119322
9.490444424385661
9.4943656391962
9.49871525780373
9.503479019309937
9.513589706480541
9.522326668117486
9.527932358035212
9.536575005460442
9.553839359527203
9.560806101760374
9.577753141369874
9.59439776554462
9.61302082966723
9.639912191886062
9.671375611839338
9.706296643032296
9.742430488800274
9.740983371711108
9.742196153181887
9.741257931114504
9.739665238132961
9.738942470356239
9.741897925738979
9.739036370485657
9.738183241096335
9.737937074725316
9.739266028060069
9.734107778708571
9.736440639159126
9.742786987308916
9.745013803882156
9.754435096059135
9.767091312665055
9.783152411632175
9.769466330655316
9.776384284123097
9.772170598209444
9.7864166889164
9.791387434592178
9.813420663856316
9.818767259212452
9.837415063471585
9.849758985195564
9.86179542821737
9.905904778169415
9.958076628655885
9.983418254905486
9.973883914443926
9.923776899108024
9.703807559421007
9.614842311207056
9.525280186834856
9.467255169890269
9.392067466914026
9.340385115631694
9.288693749619904
9.272790654024885
9.31052289110794
9.393728351303398
9.40761185728732
9.366211819561597
9.239658731580171
9.23136528247811
9.275038812624663
9.301665050313556
9.31823519834609
9.34956551167508
9.36314894615793
9.37882924466523
9.399105268551736
9.87224151465361
9.947031283150956
9.861777964000293
9.845309173181349
9.843489974061765
9.869326576254215
9.892301426984705
9.874925153900113
9.882557705722245
9.953102331937657
9.986505870170951
9.968183192006428
9.852199173559779
9.800985980312296
9.727112044129726
9.67973120172892
9.634379054422574
9.579815559070862
9.520902582544773
9.485291762712682
9.436159055303662
9.395610873234828
9.352129004653415
9.334475946068984
9.29673720286769
9.256313435802639
9.22989920979857
9.200731095090495
9.170285931958112
9.137389899412238
9.12128195902779
9.085984445422389
9.045643535468383
9.036058586458694
9.00166280110997
8.994128517741247
8.96432668579545
8.952294607826511
8.921558952261648
8.907014043732106
8.900317284224602
8.885167700249836
8.884091997849724
8.880604049683903
8.878593671187215
8.890175893312461
8.871533847236108
8.884259622740204
8.865523887239398
8.869492025556479
9.02523163691419
9.16995609374185
9.2839288601407
9.373925858275546
9.40797407969294
9.484592768349732
9.523537434821503
9.560382783563703
9.613091306212974
9.596873195240725
9.58070674015289
9.575265988820327
9.52683670010318
9.47480160361533
9.447618192851772
9.417019831592892
9.41863860159686
9.399434401181313
9.376603057521244
9.353212090857909
9.324239918750067
9.308757317402529
9.292904643191145
9.313270920600592
9.299396090188758
9.286927269224956
9.263386018886827
9.255041215008774
9.240887232881805
9.231037366490572
9.222266439452806
9.213818761360706
9.21143848648387
9.202247715652101
9.192892065068001
9.185981769485526
9.137253257727405
9.13250071792388
9.123004367936225
9.11738942395234
9.110253482120868
9.10016173068646
9.092378939797499
9.08546896017577
9.026789389133395
9.019044342365861
9.011571400382936
8.994168209986126
8.936984494738486
8.928181718049489
8.912240255241716
8.902027904321091
8.839147663580833
8.827919172689034
8.769426132273699
8.756068380701064
8.747820628577701
8.688254414664431
8.680051495270252
8.624553902794013
8.616100295189945
8.564593286728
8.554136232548839
8.549636307253774
8.550158152993022
8.546050263029153
8.542376322335429
8.540116560873354
8.546249507453926
8.545476273647605
8.549301258104956
8.54875639823829
8.551996856558318
8.553355247140153
8.555446006526273
8.558612335992784
8.554938452645544
8.556234702519978
8.558174622587151
8.558852561538838
8.56000736728691
8.563827939905712
8.56469417107655
8.567978156766126
8.57179185165357
8.57787315475753
8.579819762815793
8.585209046022504
8.590044338780467
8.596687038261733
8.600000418913343
8.57098178401772
