9.913404152752962
9.912478827789808
9.91158054029576
9.910718620303914
9.909884738189746
9.909079859361835
9.908311921533793
9.907573976686377
9.90683783400155
9.906160255933672
9.905487318277782
9.904837256929822
9.904221416785946
9.903639379749976
9.903086418853375
9.902562969016333
9.902023007159764
9.901560777696485
9.901074249925925
9.90061661063755
9.900184411415784
9.899777645312017
9.899398349582686
9.89904199895361
9.898712360645959
9.89833979124593
9.898056623834545
9.897725133479316
9.89748949447755
9.897187381529914
9.896883994256031
9.896592672275826
9.896311268079426
9.896041968856926
9.895693484728662
9.895438583175665
9.895184594050525
9.894843012534484
9.894590541014365
9.894235180480496
9.893878123778542
9.893519213980051
9.893134670994604
9.892731644899161
9.89232098657391
9.891887731919091
9.891428635846903
9.890917652799807
9.890876179839125
9.890674459685764
9.890414793966137
9.890178329830846
9.889772268103336
9.88927535848146
9.888701713781886
9.88790824251761
9.887274587138716
9.886438625546313
9.885922222939262
9.885223504867726
9.884565266154722
9.88387082496028
9.883308675438876
9.882596668942966
9.881817369607052
9.881216517051088
9.880282759435904
9.879591876576105
9.878772766255615
9.87761249795946
9.876701037896744
9.875596414614508
9.87441967695432
9.872971302790326
9.871701924057309
9.869856947531776
9.868519587448617
9.866504706557485
9.865006717537248
9.862861594864897
9.86067158973573
9.85849210199826
9.855473649595766
9.852825206080649
9.849360377823622
9.846060732672786
9.84190012598953
9.837122022959313
9.831333164864922
9.824737651372526
9.821657682642526
9.817489983032875
9.813624842341078
9.80955054859846
9.805416536835963
9.801230888098818
9.796273669505412
9.792105022959625
9.786887401042106
9.781903758958768
9.776724501003324
9.770579405918204
9.765183918155206
9.75945642934798
9.753912041706288
9.748016714850804
9.742382850075005
9.736034569354633
9.729774714619863
9.722857999447548
9.71459231229626
9.707853269608114
9.708894384561251
9.71187009715192
9.714902753072375
9.718006503360465
9.720738913908543
9.723934377014661
9.727156636700409
9.730235978186938
9.733317952257764
9.736531337437315
9.739728182042189
9.743178904061791
9.746595617495279
9.750109413488724
9.755190703819347
9.766817604523405
9.776128200275554
9.784292771832082
9.790968434732301
9.79664872952113
9.801884611300162
9.80626716129268
9.810051319419452
9.81353692739162
9.817125282155606
9.81998977102315
9.822630156927032
9.825234860357963
9.827834672328045
9.830416695101846
9.832972438462468
9.835730167218589
9.83820799500316
9.8406430259985
9.842919291108242
9.845464287689138
9.847636709012198
9.849864059256749
9.852107788834038
9.85405854137092
9.855996952131095
9.857697248951734
9.859459637204175
9.86077922945763
9.861940237135224
9.862969023598172
9.86389685713574
9.864717705017906
9.865367138088702
9.865883043114817
9.866181426145154
9.86642050484376
9.866366144128722
9.866092018407713
9.86547132977067
9.864019429951597
9.861444009879015
9.853756777363099
9.811944169841434
9.811698993317057
9.81139804596026
9.810954407304045
9.810408599324715
9.809656633560325
9.808740366560817
9.807531868181798
9.806056337762856
9.804274008142661
9.802472129912182
9.801010550076793
9.7991230357542
9.79886642679161
9.79764594881031
9.796593869312304
9.795348434954656
9.795339130049959
9.7958294207236
9.795590867664002
9.797191958497354
9.797682338173676
9.798644033513535
9.801546143302852
9.80453284718187
9.804794649472461
9.80492979819927
9.805029022183295
9.81155695774728
9.822233448227847
9.827796614473609
9.833940805788115
9.840727136831687
9.84761741355164
9.851666180241828
9.859267756216015
9.863257116324267
9.864934346231328
9.869426319373915
9.867068835561984
9.864854883027107
9.862466752043987
9.86023305175196
9.853198459629462
9.850539623987254
9.843980560366477
9.829716058703209
9.822552158086257
9.807630837250365
9.788548941530806
9.780846567227762
9.754300800777425
9.73462985219738
9.711566464045337
9.680897830311254
9.656535224313293
9.625790822566442
9.591325276232606
9.547080206119507
9.509979019320687
9.464352068772486
9.415673397693485
9.372241902263278
9.323827596771775
9.286566451295075
9.259490305287674
9.22889667826
9.19938615699956
9.166679593431308
9.13629001462301
9.1001022976664
9.053577779118239
9.028696317575402
9.008684956645927
8.988200869529747
8.97165749096789
8.958655373970398
8.945924842352186
8.937704044470635
8.929868319142559
8.922995943706523
8.918764892429651
8.914182698099214
8.90947821038254
8.905967255927912
8.90179000924595
8.897890716821635
8.893489626611563
8.889151380319637
8.884105612870894
8.879723393647685
8.873412058933283
8.867802697740908
8.860322081948034
8.853775606627412
8.850877288532612
8.862090151288326
8.90706855445996
8.96133799797415
9.016174608664599
9.068068959646512
9.110979272209127
9.148908151607513
9.193066767244577
9.221189071311995
9.250661159190187
9.274017626296446
9.295735332964728
9.306578714056062
9.330501554734061
9.347773985403927
9.374477759019133
9.395214942558251
9.412889593236994
9.434139651272913
9.4530562909855
9.473532239368629
9.495683813048824
9.50329990143583
9.523995246568424
9.52543281118518
9.523426536017539
9.519989632941986
9.53022244784632
9.537427468710478
9.575321021258889
9.597123798296398
9.617352726292633
9.650862558922935
9.657762524754403
9.67037313747099
9.668966889433975
9.683053514791789
9.684205755597379
9.685684132400791
9.691574070292845
9.682309584689577
9.673201293779185
9.662153355838768
9.652116577227625
9.63228380921809
9.606651586561684
9.582924819867335
9.561759903360173
9.540960515173289
9.489982416529545
9.467301680276213
9.415835017719667
9.383929666892838
9.33375347713056
9.284002518645991
9.246606897158355
9.191220433160227
9.121568950027926
9.045531306049487
8.941104606505442
8.732705931815747
8.719415953419288
8.690162813396359
8.657164600264649
8.62770933543988
8.612641443338344
8.58307293523993
8.57103708189743
8.543130640374022
8.531621726962582
8.505709269912053
8.49679852966472
8.488078912150796
8.490178616729104
8.50654564785621
8.524514427897284
8.54278378045186
8.569703695459282
8.587744794187003
8.487643783766309
8.459173265222342
8.444094599237687
8.446916195685178
8.472456436180085
8.496986086094836
8.515789869331027
8.522339755177306
8.532795496583732
8.536801188425564
8.543658374128588
8.549309536962712
8.547014696479373
8.534144511620672
8.522412512802148
8.532187888271439
8.54884112488275
8.55818207760926
8.568630013144155
8.577271443989433
8.58702721472105
8.599029908499851
8.613518739454374
8.62523011860211
8.63954029132368
8.65229495483947
8.66383353650797
8.67776280543464
8.689010258537737
8.700081540375146
8.71237507206211
8.724427584229899
8.734881719561615
8.745074209463606
8.754836784178963
8.764420398005212
8.775432129175787
8.78392132431946
8.792892533828043
8.804026270594996
8.812643533001408
8.821676596973893
9.073635269982708
9.140328655445845
9.179916849576973
9.230608790910203
9.25873383856236
9.293241255218513
9.331132679702257
9.347499739507326
9.378705553658103
9.408269041609238
9.427795617430228
9.476991853837701
9.527506695347057
9.571665584568507
9.591924506613715
9.614399689110522
9.62151711031784
9.655131147514812
9.672466218577117
9.662180723990273
9.675743810015195
9.679871125039526
9.69438427630682
9.678143675073578
9.658322954068684
9.595340043850683
9.566562434699765
9.522508863043798
9.493747328776315
9.445342015483073
9.397259995221972
9.316185032409702
9.290453564087702
9.268428256134024
9.21610271883991
9.19849241634656
9.161406971058533
9.13230610821188
9.09579676985339
9.052956523045403
9.01167011386688
8.947088475441555
8.882441331596175
8.792621240296931
8.701911776738426
8.497959141077715
7.969728224954182
7.967925495720496
7.967708456736737
7.96234275003577
8.012693534521114
8.15224212528642
8.21498496385735
8.281609041019802
8.337730073983721
8.362726405047898
8.387872406498005
8.415709015447137
8.446539579979488
8.477462733055756
8.500017736050543
8.533784269781904
8.566445410743073
8.589075778911099
8.612648569912594
8.646487833342727
8.67071386683848
8.691904696234223
8.7247124025804
8.758449276937116
8.8111030335218
8.829729776470245
8.852933209346759
8.880261015421391
8.895805727388156
8.912538039218603
8.93038803707602
8.947400847033158
8.966691112064153
8.988887559554819
9.009889141838126
9.031655995369976
9.049712449992459
9.070573691206238
9.092747273696796
9.113644805538554
9.133052901945543
9.15583365190839
9.176542456390447
9.20202322763619
9.226884062735834
9.248166389064629
9.274555336001976
9.301148500165255
9.326328294659081
9.35951939771907
9.41051223176412
9.426067846563209
9.436246522175885
9.454215792241158
9.467510293377064
9.479297067339482
9.497853745178427
9.508467258753836
9.522216025170078
9.53994404394172
9.538548740116962
9.545731875213331
9.553310056722538
9.57126436193776
9.580916280319503
9.601048796421432
9.612762641671925
9.63203243602355
9.654575904567254
9.665963387056761
9.68701361703222
9.710524609042299
9.73391659046421
9.744347091162595
9.768851314253663
9.79386289372789
9.819056449852038
9.853414313661277
9.896284530351506
9.922427383404687
9.96081642114553
9.9741088837392
9.948437442109185
9.917500957111626
9.914851602150293
9.895800721739802
9.880087657314627
9.858017985805661
9.827916222433473
9.782871106312532
9.743872294348355
9.727843145749844
9.695457805189426
9.6669346556652
9.63589350466293
9.600827694728483
9.577272611771363
9.57135892318117
9.569757547311223
9.558562715739997
9.551283489122312
9.546642459739806
9.543821527692275
9.535743122022897
9.529824674467847
9.528118702422969
9.523255582999234
9.521421428387601
9.515754741043953
9.511407647739869
9.515388126933374
9.513826298962819
9.52226163719364
9.529055802969275
9.538405742458826
9.53945763318944
9.545359086119502
9.545224210743108
9.550423712966076
9.547766125525179
9.545773537460974
9.552588981244043
9.545346325334009
9.543365563642158
9.549747897867917
9.543277925216206
9.54008397142183
9.5461949501099
9.54371550410356
9.541450388590487
9.533215259374387
9.530050330079625
9.525044455424945
9.52161702936413
9.518692038952052
9.518001285682146
