0.004359354911126288
0.004283289213876054
0.00410848165263713
0.003890675698441734
0.003647389694254105
0.003375962533384027
0.0030734643337618425
0.0027154290402722154
0.0023053937130379193
0.0018478844562469785
0.001317732193285409
0.0008464295283767905
0.0005730580046812077
0.0002933866698681784
7.416725460964108e-6
-0.0002848561332352948
-0.0005834418028534568
-0.0008883557989790372
-0.0011996192184138047
-0.0015172586249929195
-0.0018413058417023204
-0.002171797626183829
-0.00250877520052228
-0.0028522835988371354
-0.003202370786712825
-0.0035590864934826826
-0.003922480679579138
-0.004292601532786969
-0.004669492842587392
-0.005053190528287872
-0.005443717969261001
-0.005841079550548086
-0.006245251367335444
-0.006656166988756193
-0.007073693496131163
-0.007497584324764553
-0.007927351979196579
-0.008363342433732894
-0.00881356927837755
-0.009277114881205806
-0.009756101689353433
-0.01024815890293919
-0.010755989907123398
-0.011275226293918781
-0.01181655337066972
-0.012373973206618307
-0.01295340202232924
-0.01356046459243922
-0.014190981080959444
-0.014859393823832398
-0.015538095509256913
-0.016267856575666467
-0.017031724064250832
-0.017794113454313126
-0.01861786002898502
-0.019476379796111658
-0.02038408034468091
-0.021391263393095685
-0.02249350216759333
-0.023631053901152218
-0.024819549475967706
-0.026175966965886942
-0.027736841268910104
-0.03023616915581512
-0.031283289990200185
-0.03236544394465889
-0.03355166219345246
-0.03467220220200119
-0.03581472499651726
-0.03710220431089911
-0.03840664585865972
-0.03962408919592943
-0.040985186371308366
-0.04237640368007183
-0.043910592092445876
-0.0453644814750966
-0.046988501379785635
-0.04850354121792731
-0.050196393953366295
-0.05205530696263252
-0.05382130701313842
-0.055782629581670636
-0.05778418823698976
-0.05979814036397155
-0.0618778726676127
-0.06416140078947886
-0.06572361787240485
-0.06718872121749288
-0.06866069833694223
-0.07017846674799645
-0.07166995483641794
-0.07320131205187713
-0.0747750253950351
-0.07637930939915176
-0.07810896366812768
-0.07996021966896882
-0.08190139729087427
-0.08411427906425223
-0.08702198320773012
-0.08862584746511637
-0.09023408028000826
-0.09188155218716641
-0.09344534155292805
-0.09500192211869034
-0.09655426938965217
-0.0977466749178896
-0.09890611326450456
-0.10009254128710778
-0.10123575105798217
-0.10233263201952492
-0.1034490921342853
-0.10451162600960358
-0.10567742454072
-0.10678918262067208
-0.10795052158264186
-0.10910846841391808
-0.11037993439984285
-0.11165177143245317
-0.11304291889479397
-0.11437123167488378
-0.11581993865715044
-0.11758757024288874
-0.11948467476144253
-0.1149402154177803
-0.1089628042990463
-0.10254061868700386
-0.09583143182944065
-0.08877499072913754
-0.08233717583758522
-0.07464812765983664
-0.06772141098405601
-0.06026298433935475
-0.052168868609295115
-0.04439190769072507
-0.036498994898247754
-0.02847950884708728
-0.020258567459045092
-0.012030101673210026
-0.004772377734032646
0.0036794130764149736
0.012240895603795685
0.019617059398922523
0.02814531684022272
0.0354719956481904
0.04285289815892396
0.051088919708227765
0.058314070633289444
0.06534286495724076
0.07139897628599645
0.07819746255282012
0.0849444078756835
0.09052892128613105
0.09693855556138169
0.10231242142572225
0.10741367315560943
0.11244416200861665
0.11717746560131685
0.12110265101420539
0.12556595344875535
0.12904398574427123
0.13235581013753286
0.13560550497041388
0.1379900656212581
0.14091100766040565
0.14301229075319621
0.14498034080210628
0.14681335253449504
0.14851006680041157
0.14963838035157478
0.15108521460729918
0.15190333635085598
0.15273621872837023
0.15337555347660806
0.15360001582867674
0.15377662140893236
0.15420056934071957
0.15417592480201675
0.15394342395894092
0.15386051449764435
0.15343456087035565
0.15309495875410387
0.1526182267473405
0.15217213324723217
0.15176129780928013
0.15113847568659522
0.1507191899162272
0.15028080163511576
0.1500653991586029
0.14972652194223315
0.1494996533333443
0.14926076005591793
0.14893042044141958
0.148589005039459
0.14825339467072407
0.14792390951489365
0.14760044273844652
0.14728243611304273
0.1469687584017697
0.14659645217721026
0.14620799609536936
0.14579787560407875
0.14536352308351322
0.14435148244863918
0.14329436246105973
0.14232806568875317
0.14145679626671848
0.14066839249725074
0.13990438721716453
0.13908924226166045
0.138295833915312
0.137557775372368
0.13683481870193623
0.1361251928991661
0.1352362994733415
0.13447129773742478
0.13380214772846993
0.13292122750330487
0.13251511682518602
0.1323175067212791
0.13217645127352803
0.13213059768883445
0.1312228487074292
0.13003104970817506
0.12853878057785667
0.1267318651028396
0.1242285380689487
0.12173957485100141
0.11872095592918304
0.11555216582899712
0.11181059981941655
0.10812180091268236
0.10312792245165103
0.0986959224100525
0.09338161538165404
0.08686322599513494
0.07968380631526888
0.07132789508814791
0.060757777904516135
0.04804164618023018
0.03863244094265466
0.03773199187570781
0.0367756078712621
0.03351995990229978
0.03158507760438574
0.03007446260353519
0.02872283786255733
0.02746972197536218
0.02637636042670527
0.02527976542876033
0.0238958715476382
0.022922253038727462
0.022526344856312115
0.021894456637014774
0.01879164533537828
0.01595704380132046
0.01281765229800605
0.009934880987937164
0.006959722339651344
0.0036582520257351825
0.0010947193184133678
-0.0017948970087207868
-0.00511002609022375
-0.007390284061973453
-0.011492452047296159
-0.015088181052009342
-0.0177760239489044
-0.02094777559574084
-0.02494728895513987
-0.028278379453508484
-0.03197465774772814
-0.035574759616571784
-0.04062592656157057
-0.04540512823962651
-0.049290686686224265
-0.05349927018351255
-0.059858487189889065
-0.06406191724332387
-0.06859720101604166
-0.07529569575291127
-0.07873612109787681
-0.08175563948278748
-0.0857812261012599
-0.08877443733129202
-0.09217309599887259
-0.09602707924681612
-0.09984417709558424
-0.10369434447684225
-0.10874120088429792
-0.11051921906219657
-0.11388206864182572
-0.11594100431844892
-0.11820850874217843
-0.12010744303189679
-0.12216090994762521
-0.12417285092356324
-0.12665422238591942
-0.12876847254789542
-0.13081139210792217
-0.13152412141738826
-0.13418485929513105
-0.13662691232152616
-0.1370803777413316
-0.13731108414403764
-0.13799491122706564
-0.13928602587147984
-0.14073170893495413
-0.14231726487792673
-0.14422709894235966
-0.14590957722158224
-0.14735841326748741
-0.1494551838739278
-0.1512615762579072
-0.15196425423379903
-0.15275332808164552
-0.15365528171330955
-0.1543492261182885
-0.15510531088132604
-0.1556921993233938
-0.15608920423685355
-0.15703112717042672
-0.15750930083607867
-0.1576693225076416
-0.15827168821125476
-0.15725743766645903
-0.15663230962755487
-0.1551484656624572
-0.15493141649297684
-0.15320184489310495
-0.15164101814304126
-0.15080716892656268
-0.14899816749407208
-0.14713356010689282
-0.145596700522245
-0.14372365920529068
-0.1412673293765915
-0.1383753089176031
-0.13588180242971523
-0.13370579618567655
-0.12611106813772394
-0.11311364356942077
-0.1032720533345551
-0.08978362639082964
-0.07684413045491736
-0.06407697599724281
-0.052636468527605014
-0.04523898132796167
-0.03567873594030938
-0.02545703852221758
-0.013134688938685902
-0.0035070293808419
0.0062772658215517725
0.016061565025256005
0.025330587817126576
0.03453171031198371
0.043844722366099174
0.054122564208987145
0.06460960105553364
0.07553531882052553
0.08373880166680413
0.09443643749686768
0.1028437097013024
0.11310992226439903
0.12146332733643077
0.13317790362826015
0.14438195793624423
0.1571658112191448
0.17321027062949762
0.18879089555413484
0.1930517931866834
0.19760743563100894
0.20178724082065733
0.20564395537111457
0.2100119828217203
0.21224981521900657
0.21561147814344978
0.21795979150218672
0.2204027299235206
0.22199155355160824
0.22416083527375347
0.2263786588579129
0.2280998793610822
0.2310942635443366
0.23391711680129987
0.23571252470886364
0.23731123901175002
0.23984454958058446
0.24169063566186128
0.24349848758398468
0.2451714684434915
0.24682513429375566
0.2474386501752265
0.24941001582513392
0.25133949492593105
0.2316304650790939
0.20518264199880076
0.18665487744234693
0.16906708969367143
0.15277625511064488
0.13644504060074147
0.12052440769663114
0.10137466230375985
0.08542381441911372
0.06656925553915095
0.04774226789859423
0.03678415442122628
0.02771840036891257
0.01889993556075316
0.010033888151396421
-0.001405139256224923
-0.015593632885264413
-0.032524478367726366
-0.06030049022273202
-0.07876554178075355
-0.08077338470031034
-0.08166345822441327
-0.08447667353467092
-0.08530212609060162
-0.08696423649117634
-0.08852218792109347
-0.08969041821279757
-0.0928120467886047
-0.09450716763681745
-0.09548847881949173
-0.09743379198063339
-0.1007871948579335
-0.10359921696405537
-0.10728167928774922
-0.10983691089041066
-0.11461359065376936
-0.1210841038135422
-0.12751585289487655
-0.15585920259538213
-0.16007139857369487
-0.16249311038743106
-0.16553752799480204
-0.17034288009750695
-0.17382373463075876
-0.17798552931242892
-0.18114731686440477
-0.18579753865180926
-0.18877988753527286
-0.19249605281900728
-0.1964530363772122
-0.2015520672792216
-0.2054100847773201
-0.2109686684627441
-0.21421960815199068
-0.21813704689350547
-0.21969159450164227
-0.22151519193629907
-0.22353810362819682
-0.22487452883994932
-0.2265118905152231
-0.2270731509535747
-0.2285492013482479
-0.22964806441197685
-0.2301436278409778
-0.229853331909101
-0.22964592615813398
-0.22965359528158985
-0.22998995326802057
-0.22849711272632742
-0.22817325112376824
-0.22838298548630598
-0.2276192074559828
-0.22604396959986228
-0.22527001488300233
-0.22484129520911697
-0.22335522452987228
-0.22219258250658808
-0.22175744520506258
-0.22148154967387587
-0.22065656225235977
-0.2201781839895142
-0.2200158639428783
-0.21874128578568525
-0.21870017402436087
-0.21736334763738938
-0.21764472007928456
-0.21438927364042773
-0.2105012329171954
-0.2076328479547561
-0.2045269549624831
-0.20219310608812757
-0.1994651958934155
-0.19740822403136482
-0.19501467767231898
-0.19299860186770898
-0.19045575034840778
-0.18700012627481413
-0.18489705594095848
-0.1815588633835198
-0.17817883478351576
-0.17610347272315202
-0.1731491158930424
-0.17107684735525502
-0.1692383687644298
-0.16814566069048023
-0.1662987877688693
-0.16526969692435353
-0.16395797467175524
-0.16283813251215704
-0.16099883698313572
-0.15956678023226148
-0.15826929488253527
-0.15685627221860476
-0.15540318256539504
-0.15398937456196718
-0.14650351886266477
-0.136239605426065
-0.12482890610864021
-0.1190010249009684
-0.1122175471027474
-0.13216162465701017
-0.132803433677127
-0.13089055702868907
-0.13072017930952265
-0.1291609310643182
-0.12888118189847728
-0.12710068882193684
-0.1252440511576562
-0.1253947253095992
-0.12582007507687964
-0.12431101361500692
-0.12571119368033784
-0.12845294940973848
-0.12955791700792824
-0.12697793147128122
-0.12611268978360698
-0.1252599557387187
-0.1230499551832069
-0.12035949601915669
-0.11853088921675567
-0.11639171960098159
-0.11492939026962916
-0.11348543930429654
-0.11263600312234791
-0.1020907128750195
-0.0955030206866399
-0.09097753390211882
-0.08684927680484335
-0.08454981766265479
-0.08039977508371803
-0.0778637182690179
-0.07467590198749383
-0.06343941363363506
-0.04394927678545965
-0.03286647700966895
-0.02034981420101474
-0.010210063412774814
-0.004073664808432306
0.004032599845106706
0.008083431599201817
0.010040369398536711
0.009890251538288522
0.012248176945963954
0.013087354375996505
0.013180806002480708
0.014943445805340341
0.014554506816296503
0.015847171265323246
0.015951100608865006
0.017272269149498337
0.01635574203198285
0.018318386920734175
0.017982866078842568
0.016974220497619413
0.01850109347732013
0.01784900152996403
