0.010009722732907156
0.010027002370529428
0.010044030118270968
0.01006838157324597
0.01007372325632852
0.010078549452694244
0.010077359035571309
0.01006141909483861
0.010039098317204823
0.010015964370719811
0.009962426725854543
0.00996131250164904
0.00997685006909518
0.010005027881057144
0.010030764258176785
0.010054131729258948
0.010075210107944349
0.010094087600132926
0.010127669522197874
0.010142682142583228
0.010155819794237908
0.010184731457759394
0.010194767069546232
0.010221360942500373
0.010228962781735294
0.01025397860805432
0.010259986823989976
0.010284357055079251
0.010308943318036265
0.010314742243987303
0.01034057264688228
0.010367749693459808
0.010376801661263799
0.010407991545682173
0.010442215870679727
0.010459692434175294
0.01050217688844089
0.010529513508799803
0.010584559138013701
0.010648234461697784
0.01070131994282226
0.01078936150574748
0.01087482150705939
0.010969875898384435
0.010984437280435126
0.010965181675028935
0.010939048374387144
0.010873058453176218
0.010827545188214507
0.01072884091536204
0.01069230361857585
0.010616690635510743
0.010523151489546759
0.010410842541875175
0.010310372807138249
0.010275180453430554
0.010185634891473542
0.010143715903970734
0.009871112906661721
0.009700562909421789
0.009609293715712779
0.009431538422898327
0.009339501135252346
0.009324276798875975
0.009381373266262073
0.009382048035479745
0.009458874252340564
0.009529268267037951
0.009608586633891272
0.009790795669820978
0.00996599306439701
0.010129720021564063
0.010251731987587802
0.010349037465924589
0.010377964137761708
0.010234959585458052
0.01066560035930569
0.011240900668206199
0.011967576402307842
0.012851626496915885
0.013896641565710858
0.015230099968727914
0.016088429598697895
0.016520674391097622
0.016950061277278338
0.017385390661766285
0.017825601715514106
0.018299937485148937
0.01875129893650776
0.01920464453084651
0.019702856808162545
0.020161776897202395
0.02067291386414255
0.02113231032936456
0.021655505780838722
0.022279463459589414
0.022822809916843684
0.023437269341007615
0.023965335029379406
0.024577823430639384
0.02520861174564019
0.025683577254722586
0.0283072671274953
0.030846251129379346
0.03238124777563799
0.033780182071633386
0.034799932063316545
0.035798378718973664
0.036871165168084405
0.03793282096620206
0.03872544067109352
0.039444777712304126
0.03934049418586168
0.03736611219195458
0.03559083143294569
0.034940910001443407
0.03454884956662232
0.034725101264643767
0.034741045707455426
0.034563883494720435
0.03431507227290585
0.03431368849837485
0.034321123342583824
0.03406615522015377
0.033599630662418604
0.033102085692691685
0.03265917654551091
0.03222001734887408
0.031549822516498176
0.031172902974304938
0.030559380823059194
0.03054562011197524
0.030288504555921514
0.030076470331643915
0.030189994289308762
0.03064146300004094
0.03113900222252545
0.0319510283485678
0.0324772930380181
0.03331006944641263
0.03352914408404025
0.03435087655261089
0.03487878712673299
0.035734298784713445
0.03656539325471896
0.03745581890306986
0.03831234637579484
0.03950434768988518
0.04071154818981303
0.04186258287248922
0.04309420689117701
0.04425794658393038
0.04575768046747143
0.04702168950403993
0.048199813915891766
0.049945630891165535
0.05145747095116724
0.05263387760623122
0.054360136704834854
0.05578268994885589
0.05861418687064773
0.06089884535309028
0.06351321045352647
0.06578584541770605
0.06816920813256586
0.0707057610179083
0.0727218501953679
0.07498573644272909
0.07727758943211943
0.07957296127130377
0.08163706414536302
0.08398365634387966
0.08601477489602649
0.08819320486668746
0.08996183232913503
0.0916836532843978
0.0933537792492996
0.09496399288089115
0.09658319260577841
0.09817240768336664
0.09958524697420228
0.10101113902328075
0.10235045612390897
0.1033549664681834
0.10461497628311668
0.1058428247702464
0.10726509923962324
0.10841468131279293
0.10926882406912618
0.11033143011347313
0.11111130311057149
0.11207124302351361
0.11297661840787175
0.11382548387402902
0.11461607383460726
0.1153467905407556
0.1160161944702923
0.11682570246439207
0.11736351357824958
0.11760550309884704
0.11819915074817301
0.11853598825620508
0.11880598713196336
0.11917758881582884
0.11946994135306462
0.11929916290779723
0.1194502226828467
0.11951889167401272
0.119510320076656
0.11956449472663683
0.11943647906408625
0.11933923892900274
0.11915760734054581
0.11879150437347044
0.11868011741588595
0.11861543907543184
0.11932664467146685
0.11861124215259951
0.11786530894302544
0.11736682382739333
0.11658247784905254
0.1157607596861761
0.11491749014556996
0.11405362476031054
0.11336952440838327
0.11244577936278739
0.11171979862521496
0.11076090419560054
0.10997702779408453
0.10918774885950043
0.1085466942371066
0.10778327320279389
0.10713966850162844
0.10650146542519472
0.10604146064683576
0.10528960164065315
0.10483922905572302
0.104253767123899
0.10344159240068616
0.10286405001701511
0.10222070591599403
0.10168790593214093
0.1009482971923385
0.10010893988562183
0.09926449467516713
0.09802120419340984
0.09622895666865129
0.09463155142426777
0.09243395104983136
0.09035377822705962
0.08789288237524384
0.08566445395941105
0.08246664455293157
0.07991315877106926
0.0767317135914294
0.07070605556970991
0.065130065223069
0.06014156730318387
0.05510765578279452
0.05065890987159093
0.04542091990995315
0.04146894991575586
0.03676198521077792
0.03304234850545001
0.030770509920331573
0.028797112034677993
0.027313433153976312
0.02566794684322533
0.0242806296319544
0.022758460063200796
0.021291183009970682
0.020153345775409916
0.018458962098144807
0.017153878531147373
0.015704344201472036
0.014159678172654197
0.013120416631697607
0.011516595083298336
0.004424194416499832
0.0007781360250391339
-0.00011841999909624858
0.001377759344036584
0.0005907254208921285
0.0008963306076707004
0.0015646016842594903
0.0029157183945439148
0.004633361968560787
0.00814181975859942
0.00843807758797598
0.008739757930014353
0.009024315776914324
0.009439213794730245
0.009844119763232404
0.010078871960294208
0.010415826406392508
0.010586182894187503
0.01107422485225381
0.009619963115704722
0.007388356452000798
0.0060238358166970095
0.0048984298952055565
0.004146064390588259
0.002976352495850242
0.002374026363970009
0.0018916845274040517
0.0013097586662968194
0.001102124649766562
0.0008502141024813049
0.0010426530108241059
0.0009537510844284408
0.001397858699081418
0.0016859042200893454
0.002541865457809955
0.0033059873063108736
0.003944292030639335
0.006262825037528885
0.00828156545894939
0.010029576513362283
0.011421781325508727
0.013182919301201225
0.01443811508167793
0.01603351453819776
0.017066721890420498
0.017829796390986537
0.019165849143411393
0.020142075562923932
0.021164887604535058
0.02231188576140568
0.02329550842611028
0.024516047889780197
0.025999478119571116
0.026512823209149123
0.03403060858686454
0.03797738529540862
0.04039636498740728
0.04094444932538172
0.04096267423445429
0.04214034075239292
0.041995546915054936
0.04252436090966709
0.04241361370494909
0.043066110530811476
0.04353602293834341
0.04354126481897777
0.0446729635703116
0.04484912324740198
0.045662163330614174
0.046361076681788495
0.04640029388195994
0.04741674420256463
0.047535201965091985
0.04883013688402641
0.0490069549956593
0.04912403167854601
0.05030413871151815
0.05013835935037929
0.049986387488067704
0.05095555756143398
0.05056343608038007
0.050128474219627114
0.04965209806900628
0.04864102935194587
0.04776733318825129
0.0472067641964789
0.046342499453955806
0.044616064047279816
0.043919389823962734
0.04222468586301259
0.04056022344553802
0.03869791703327709
0.03600878081139387
0.03286243881606632
0.029370335696770423
0.025756951119972685
0.02590166282888921
0.025780384681811326
0.025874206888549547
0.026033476186703854
0.026105752964376068
0.025810207426102162
0.026096362951434197
0.02618167589036642
0.02620629252746846
0.02607339719399305
0.02658922212914291
0.02635593608408745
0.025721301269108342
0.025498619611784318
0.024556490394086538
0.023290868733494532
0.021684758836782433
0.023053366934468373
0.022361571587690338
0.022782940179055605
0.02135833110835989
0.020861256540782164
0.018657933614368457
0.018123274078754806
0.016258493652841533
0.015024101480443483
0.013820457178263024
0.009409522183058554
0.004192337134411554
0.001658174509451456
-0.002611608555607387
-0.007622310089197524
-0.029619244057899254
-0.038515768879294275
-0.047471981316514464
-0.053274483010973164
-0.0607932533085973
-0.06596148843683054
-0.07113062503800963
-0.07272093459751144
-0.06894771088920601
-0.06062716486966019
-0.05923881427126795
-0.06337881804384031
-0.07603412684198281
-0.07686347175218884
-0.07249611873753369
-0.06983349496864448
-0.06817648016539103
-0.065043448832492
-0.06368510538420702
-0.062117075533477
-0.06008947314482654
-0.012775848534638966
0.005296871684904302
0.013822203599970636
0.01546908268186514
0.01565100259382359
0.013067342374578465
0.010769857301529464
0.01250748460998867
0.01174422942777558
0.004689766806234219
-0.0013494129829047892
-0.0031816807993570767
-0.014780082644022169
-0.019901401968770382
-0.027288795587027327
-0.03202687982710805
-0.036562094557742515
-0.04201844409291382
-0.04790974174552269
-0.05147082372873175
-0.056384094469633765
-0.06043891267651718
-0.06478709953465842
-0.06655240539310156
-0.07032627971323108
-0.07436865641973617
-0.07701007902014309
-0.07992689049095052
-0.08297140680418884
-0.08626101005877614
-0.08787180409722094
-0.0914015554577611
-0.09543564645316169
-0.09639414135413062
-0.09983371988900297
-0.10058714822587533
-0.10356733142045495
-0.10477053921734893
-0.10784410477383524
-0.10929859562678934
-0.10996827157753972
-0.11148322997501652
-0.1115908002150275
-0.11193959503160983
-0.11214063288127867
-0.11098241066875383
-0.11284661527638917
-0.11157403772597961
-0.11344761127606025
-0.11305079744435224
-0.09747683630858091
-0.083004390625815
-0.0716071139859301
-0.0626074141724454
-0.05920259203070604
-0.05154072316502681
-0.04764625651784965
-0.04396172164362963
-0.03869086937870259
-0.04031268047592748
-0.04192932598471116
-0.04247340111796736
-0.04731632998968193
-0.05251983963846693
-0.05523818071482274
-0.05829801684071073
-0.05813613984031397
-0.0600565598818688
-0.062339694247875714
-0.06467879091420911
-0.06757600812499344
-0.0691242682597471
-0.07070953568088557
-0.06867290793994076
-0.07006039098112422
-0.0713072730775045
-0.07366139811131721
-0.07449587849912266
-0.07591127671181956
-0.0768962633509428
-0.07777335605471931
-0.07861812386392947
-0.07885615135161303
-0.07977522843478994
-0.08071079349319993
-0.08140182305144752
-0.08627467422725953
-0.08674992820761199
-0.08769956320637745
-0.08826105760476598
-0.08897465178791318
-0.0899838269313539
-0.09076210602025016
-0.09145310398242287
-0.09732106108666047
-0.09809556576341391
-0.0988428599617064
-0.10058317900138738
-0.10630155052615144
-0.1071818281950511
-0.10877597447582839
-0.10979720956789081
-0.11608523364191656
-0.11720808273109648
-0.12305738677263017
-0.12439316192989362
-0.1252179371422299
-0.1311745585335569
-0.13199485047297485
-0.1375446097205988
-0.13838997048100551
-0.14354067132719997
-0.14458637674511624
-0.14503636927462255
-0.14498418470069777
-0.14539497369708462
-0.1457623677664571
-0.1459883439126646
-0.1453750492546074
-0.14545237263523955
-0.14506987418950446
-0.14512436017617117
-0.1448003143441682
-0.14466447528598475
-0.14445539934737267
-0.14413876640072168
-0.14450615473544556
-0.14437652974800225
-0.14418253774128487
-0.14411474384611625
-0.14399926327130888
-0.14361720600942887
-0.14353058289234513
-0.14320218432338752
-0.14282081483464307
-0.14221268452424707
-0.14201802371842065
-0.1414790953977496
-0.14099556612195321
-0.14033129617382664
-0.13999995810866578
-0.142901821598228
