-0.008659584724703882
-0.008752117221019179
-0.008841945970423905
-0.008928137969608512
-0.009011526181025372
-0.009092014063816418
-0.009168807846620762
-0.009242602331362183
-0.00931621659984507
-0.009383974406632708
-0.009451268172221762
-0.009516274307017689
-0.009577858321405381
-0.00963606202500241
-0.009691358114662482
-0.009743703098366646
-0.009797699284023687
-0.009843922230351625
-0.009892575007407636
-0.00993833893624495
-0.009981558858421506
-0.01002223546879822
-0.010060165041731505
-0.01009580010463902
-0.010128763935404237
-0.010166020875407078
-0.010194337616545465
-0.01022748665206841
-0.01025105055224492
-0.010281261847008609
-0.010311600574396868
-0.010340732772417274
-0.010368873192057515
-0.010395803114307389
-0.010430651527133745
-0.010456141682433575
-0.010481540594947554
-0.010515698746551698
-0.010540945898563569
-0.010576481951950238
-0.010612187622145854
-0.010648078601994909
-0.010686532900539525
-0.01072683551008386
-0.01076790134260891
-0.010811226808090865
-0.010857136415309611
-0.01090823472001934
-0.01091238201608747
-0.01093255403142368
-0.010958520603386292
-0.0109821670169154
-0.01102277318966653
-0.011072464151854165
-0.011129828621811317
-0.011209175748238837
-0.011272541286128295
-0.011356137445368676
-0.011407777706073756
-0.011477649513227396
-0.011543473384527865
-0.011612917503972026
-0.011669132456112365
-0.011740333105703413
-0.0118182630392948
-0.011878348294891157
-0.011971724056409543
-0.012040812342389505
-0.012122723374438558
-0.012238750204054056
-0.012329896210325498
-0.012440358538549164
-0.012558032304567951
-0.01270286972096735
-0.012829807594269247
-0.013014305246822509
-0.013148041255138364
-0.013349529344251331
-0.013499328246275165
-0.013713840513510224
-0.013932841026427029
-0.014150789800173957
-0.014452635040423403
-0.014717479391935184
-0.01506396221763769
-0.01539392673272128
-0.015809987401046912
-0.016287797704068692
-0.016866683513507848
-0.01752623486274735
-0.017834231735747434
-0.01825100169671243
-0.01863751576589223
-0.01904494514015389
-0.0194583463164038
-0.019876911190118113
-0.020372633049458806
-0.020789497704037447
-0.0213112598957894
-0.021809624104123196
-0.022327549899667575
-0.022942059408179647
-0.023481608184479478
-0.02405435706520195
-0.024608795829371106
-0.025198328514919665
-0.02576171499249942
-0.026396543064536766
-0.027022528538013672
-0.027714200055245188
-0.028540768770374043
-0.029214673039188645
-0.02911056154387494
-0.02881299028480813
-0.02850972469276261
-0.028199349663953422
-0.027926108609145767
-0.02760656229853388
-0.02728433632995923
-0.02697640218130628
-0.02666820477422363
-0.026346866256268482
-0.026027181795781125
-0.025682109593820886
-0.0253404382504722
-0.024989058651127598
-0.024480929618065375
-0.023318239547659558
-0.022387179972444573
-0.02157072281679181
-0.020903156526769832
-0.020335127047886987
-0.01981153886998374
-0.01937328387073194
-0.01899486805805484
-0.018646307260838064
-0.018287471784439294
-0.018001022897684918
-0.01773698430729688
-0.017476513964203657
-0.01721653276719549
-0.01695833048981542
-0.016702756153753124
-0.016426983278141224
-0.016179200499684108
-0.015935697400150006
-0.015708070889175762
-0.015453571231086285
-0.015236329098780095
-0.015013594074325036
-0.014789221116596167
-0.014594145862907918
-0.014400304786890443
-0.01423027510482657
-0.01405403627958244
-0.013922077054237003
-0.013805976286477636
-0.013703097640182885
-0.013610314286425847
-0.01352822949820928
-0.01346328619112976
-0.013411695688518424
-0.013381857385484726
-0.013357949515624107
-0.013363385587127685
-0.013390798159228721
-0.013452867022933045
-0.01359805700484034
-0.013855599012098537
-0.01462432226369011
-0.018805583015856636
-0.018830100668294342
-0.01886019540397404
-0.018904559269595455
-0.018959140067528548
-0.019034336643967517
-0.019125963343918268
-0.019246813181820185
-0.01939436622371437
-0.01957259918573398
-0.019752787008781802
-0.019898944992320804
-0.02008769642458008
-0.020113357320838982
-0.020235405118968992
-0.02034061306876965
-0.020465156504534402
-0.02046608699500421
-0.02041705792764009
-0.020440913233599808
-0.020280804150264512
-0.02023176618263239
-0.02013559664864647
-0.019845385669714864
-0.01954671528181311
-0.01952053505275401
-0.019507020180073033
-0.01949709778167067
-0.018844304225272057
-0.017776655177215422
-0.017220338552639054
-0.01660591942118849
-0.015927286316831425
-0.015238258644835927
-0.01483338197581721
-0.01407322437839847
-0.013674288367573369
-0.013506565376867218
-0.013057368062608496
-0.013293116443801725
-0.013514511697289271
-0.013753324795601228
-0.01397669482480406
-0.01468015403705368
-0.014946037601274583
-0.015601943963352313
-0.017028394129679075
-0.017744784191374315
-0.019236916274963507
-0.02114510584691943
-0.021915343277223803
-0.024569919922257447
-0.026537014780262106
-0.028843353595466466
-0.031910216968874604
-0.034346477568670736
-0.0374209177433559
-0.04086747237673943
-0.04529197938804938
-0.04900209806793134
-0.0535647931227513
-0.05843266023065157
-0.06277580977367214
-0.06761724032282256
-0.07134335487049247
-0.07405096947123271
-0.07711033217400011
-0.08006138430004392
-0.08333204065686924
-0.0863709985376991
-0.08998977023336005
-0.0946422220881761
-0.09713036824245978
-0.09913150433540725
-0.10117991304702534
-0.10283425090321102
-0.10413446260296022
-0.10540751576478144
-0.10622959555293637
-0.10701316808574413
-0.10770040562934767
-0.10812351075703484
-0.10858173019007865
-0.10905217896174597
-0.10940327440720884
-0.10982099907540506
-0.11021092831783658
-0.11065103733884364
-0.11108486196803623
-0.1115894387129106
-0.11202766063523135
-0.11265879410667172
-0.11321973022590927
-0.11396779180519655
-0.11462243933725885
-0.1149122711467387
-0.11379098487116737
-0.10929314455400409
-0.1038662002025851
-0.09838253913354007
-0.09319310403534892
-0.08890207277908739
-0.08510918483924867
-0.08069332327554235
-0.07788109286880049
-0.07493388408098135
-0.07259823737035527
-0.07042646670352715
-0.06934212859439368
-0.06694984452659379
-0.06522260145960719
-0.06255222409808683
-0.06047850574417487
-0.05871104067630074
-0.056586034872708746
-0.05469437090145001
-0.05264677606313715
-0.050431618695117454
-0.04967000985641701
-0.047600475343157735
-0.04745671888148192
-0.04765734639824614
-0.04800103670580143
-0.046977755215368025
-0.04625725312895228
-0.0424678978741112
-0.04028762017036014
-0.038264727370736565
-0.03491374410770649
-0.03422374752455972
-0.03296268625290101
-0.03310331105660261
-0.03169464852082104
-0.031579424440262134
-0.031431586759920964
-0.030842592970715454
-0.03176904153104228
-0.03267987062208155
-0.03378466441612318
-0.03478834227723745
-0.03677161907819104
-0.03933484134383154
-0.04170751801326643
-0.0438240096639827
-0.045903948482671125
-0.051001758347045525
-0.053269831972378716
-0.05841649822803326
-0.06160703331071631
-0.06662465228694396
-0.07159974813540093
-0.0753393102841645
-0.08087795668397725
-0.08784310499720734
-0.09544686939505136
-0.10588953934945577
-0.1267294068184253
-0.12805840465807117
-0.13098371866036407
-0.13428353997353515
-0.13722906645601202
-0.13873585566616564
-0.14169270647600696
-0.14289629181025706
-0.1456869359625977
-0.14683782730374184
-0.14942907300879463
-0.1503201470335281
-0.15119210878492037
-0.15098213832708968
-0.14934543521437899
-0.14754855721027157
-0.14572162195481403
-0.14302963045407185
-0.14122552058129972
-0.15123562162336907
-0.1540826734777658
-0.1555905400762314
-0.15530838043148223
-0.15275435638199147
-0.15030139139051643
-0.14842101306689737
-0.14776602448226944
-0.1467204503416267
-0.14631988115744363
-0.14563416258714112
-0.14506904630372888
-0.14529853035206264
-0.14658554883793273
-0.14775874871978517
-0.14678121117285606
-0.14511588751172483
-0.14418179223907404
-0.1431369986855845
-0.14227285560105665
-0.141297278527895
-0.14009700915001483
-0.1386481260545626
-0.13747698813978906
-0.1360459708676321
-0.13477050451605296
-0.13361664634920287
-0.13222371945653616
-0.13109897414622643
-0.12999184596248534
-0.1287624927937889
-0.12755724157701015
-0.12651182804383854
-0.12549257905363936
-0.12451632158210366
-0.12355796019947878
-0.1224567870824212
-0.12160786756805395
-0.12071074661719558
-0.11959737294050045
-0.11873564669985925
-0.11783234030261072
-0.09263647300172921
-0.0859671344554154
-0.08200831504230262
-0.07693912090897964
-0.07412661614376406
-0.07067587447814874
-0.06688673202977423
-0.06525002604926743
-0.06212944463418966
-0.05917309583907619
-0.05722043825697721
-0.052300814616229895
-0.04724933046529427
-0.042833441543149366
-0.04080754933862853
-0.03856003108894778
-0.03784828896821606
-0.03448688524851869
-0.032753378142288195
-0.033781927600972664
-0.03242561899848044
-0.0320128874960475
-0.030561572369317953
-0.0321856324926422
-0.03416770459313162
-0.040465995614931624
-0.043343756530023446
-0.04774911369562015
-0.050625267122368506
-0.05546579845169271
-0.06027400047780282
-0.06838149675902984
-0.0709546435912298
-0.07315717438659765
-0.07838972811600894
-0.08015075836534402
-0.08385930289414674
-0.08676938917881191
-0.09042032301466112
-0.09470434769545977
-0.09883298861331188
-0.1052911524558445
-0.11175586684038254
-0.12073787597030695
-0.1298088223261574
-0.1502040858922285
-0.2030271775045817
-0.20320745042795038
-0.2032291543263263
-0.203765724996423
-0.19873064654788855
-0.18477578747135792
-0.17850150361426487
-0.1718390958980198
-0.16622699260162804
-0.16372735949521017
-0.16121275935019946
-0.15842909845528638
-0.15534604200205115
-0.1522537266944245
-0.14999822639494567
-0.14662157302180956
-0.14335545892569265
-0.14109242210889017
-0.1387351430087406
-0.13535121666572728
-0.13292861331615205
-0.13080953037657772
-0.12752875974196
-0.12415507230628844
-0.11888969664781998
-0.11702702235297557
-0.11470667906532418
-0.11197389845786088
-0.11041942726118434
-0.10874619607813976
-0.1069611962923981
-0.10525991529668413
-0.1033308887935848
-0.10111124404451804
-0.09901108581618749
-0.09683440046300244
-0.09502875500075403
-0.09294263087937617
-0.09072527263032033
-0.08863551944614469
-0.08669470980544561
-0.08441663480916094
-0.08234575436095522
-0.07979767723638106
-0.07731159372641658
-0.07518336109353717
-0.07254446639980236
-0.06988514998347466
-0.06736717053409193
-0.06404806022809291
-0.05894877682358818
-0.05739321534367909
-0.0563753477824115
-0.054578420775884165
-0.05324897066229361
-0.05207029326605183
-0.050214625482157244
-0.049153274124616314
-0.047778397482992285
-0.04600559560582803
-0.04614512598830383
-0.04542681247866687
-0.04466899432774635
-0.042873563806223924
-0.04190837196804967
-0.039895120357856834
-0.03872373583280765
-0.03679675639764502
-0.0345424095432746
-0.03340366129432378
-0.031298638296777995
-0.028947539095770223
-0.026608340953578963
-0.025565290883740464
-0.023114868574633737
-0.020613710627211002
-0.01809435501479632
-0.014658568633872309
-0.010371546964849267
-0.007757261659531396
-0.003918357885447027
0.0025891116260799625
0.005156255789081526
0.008249904288837399
0.008514839784970718
0.010419927826019882
0.011991234268537277
0.014198201419433842
0.017208377756652765
0.021712889368746817
0.02561277056516442
0.027215685425015623
0.03045421948105742
0.03330653443348011
0.036410649533707054
0.03991723052715163
0.0422727388228638
0.042864107681882924
0.04302424526887762
0.04414372842600033
0.044871651087768805
0.045335754026019456
0.04561784723077253
0.046425687797710266
0.04701753255321538
0.04718812975770311
0.047674441700076585
0.047857857161239935
0.04842452589560476
0.04885923522601305
0.048461187306662754
0.048617370103718006
0.047773836280635876
0.04709441970307263
0.04615942575411746
0.046054236681056175
0.045464091388049875
0.045477578925689204
0.04495762870339245
0.045223387447482145
0.04542264625390255
0.04474110187559573
0.045465367466599176
0.04566344363578416
0.04502521021320838
0.045672207478379453
0.04599160285781696
0.04538050498901007
0.04562844958964398
0.045854961140951306
0.046678474062561204
0.046994966992037375
0.04749555445750554
0.047838297063587075
0.04813079610479491
0.048199871431785384
