9.98904248485793
9.98890948616669
9.988774764321011
9.98863828101861
9.988499969384103
9.98835981416556
9.988217816439523
9.988073965325103
9.987928237888493
9.987780611873621
9.987631063345496
9.987479567612775
9.98732609971057
9.987170632917941
9.987013139361657
9.986853591001807
9.986691959361103
9.986528215444995
9.986362329995025
9.986194274038198
9.986024016238158
9.985851524200264
9.98567676553268
9.985499707410277
9.985320316505176
9.985138558950352
9.984954400314582
9.984767805580129
9.984578739119888
9.984387164672253
9.984193045312363
9.983996343418424
9.98379702063775
9.983595037813869
9.983390354962813
9.98318293117457
9.982972724523092
9.982759691940272
9.982543789044849
9.982324969900818
9.982103186658907
9.981878388988981
9.981650523097516
9.981419529782977
9.981185339565581
9.980947847277525
9.980706944447476
9.980462696928548
9.980215112471223
9.979964178369611
9.979709873294674
9.97945217072744
9.97919104042222
9.97892644914228
9.978658361044765
9.978386737860935
9.978111538927703
9.977832721077
9.977550238338473
9.977264041358353
9.97697407622692
9.97668027585591
9.976382561164774
9.976080877042955
9.97577520833217
9.975465519273097
9.975151768374701
9.97483391184395
9.974511904265444
9.974185699016628
9.97385524850171
9.973520504300783
9.973181417274395
9.97283793764245
9.97249001504749
9.972137598608219
9.971780636966809
9.971419078332337
9.971052870521937
9.970681961000832
9.97030629690675
9.969925825152025
9.969540492372287
9.96915024503196
9.968755029454693
9.968354791872686
9.967949478480268
9.967539035492852
9.967123409212727
9.966702546103594
9.966276392876487
9.965844896590868
9.965408004776533
9.964965665584186
9.964517827974245
9.964064441953479
9.96360545891563
9.963140832501495
9.962670521220376
9.962194485480397
9.961712680360113
9.961225063019194
9.960731736753054
9.960232542028667
9.959727389031249
9.95921622840143
9.958698998104424
9.95817564118622
9.957646094400495
9.957110287799873
9.956568156833567
9.956019638050845
9.95546466881778
9.954903188958953
9.954335138800376
9.953760440396277
9.95317901767404
9.95259079053414
9.951995667113934
9.95139351110656
9.950784328882108
9.950168097330677
9.949544777350862
9.948914324420828
9.948276691416853
9.94763182986904
9.946979690624723
9.946320224195572
9.945653380929874
9.94497911060483
9.944297362480603
9.94360808445254
9.942911222357386
9.942206719023103
9.941494513079869
9.940774537388515
9.940046716767268
9.939310964326818
9.938567174253187
9.937815202982382
9.937054784246529
9.936285850445492
9.935508407473899
9.934722461703382
9.93392797519589
9.933124898924993
9.932313176831613
9.931492747607683
9.930663545801039
9.929825502095815
9.92897854320299
9.928122591354729
9.927257563451256
9.926383370113104
9.925499915364963
9.924607097902161
9.923704813289438
9.922792953946685
9.92187141107521
9.920940100405858
9.919998981707517
9.919048017435138
9.918087166914885
9.917116374179246
9.916135571184244
9.915144682232752
9.914143626575305
9.91313231969156
9.912110673864753
9.911078598415488
9.910035999788034
9.90898278158334
9.907918844579802
9.906844086757546
9.905758403331266
9.904661686793268
9.903553826984759
9.902434711094411
9.90130422384033
9.900162247498855
9.899008662035195
9.897843345237153
9.896666172870832
9.895477018860582
9.894275755495466
9.893062253664539
9.891836383123357
9.8905980127941
9.889347011101822
9.888083246349352
9.886806587133437
9.885516902804799
9.884214064016875
9.88289794311359
9.8815684149892
9.880225357583635
9.878868652644915
9.87749818651021
9.876113850950151
9.874715544079125
9.873303171334205
9.871876646525319
9.870435892959108
9.868980844638811
9.867511447542297
9.866027660980194
9.864529459035792
9.863016832088098
9.861489788445093
9.859948355932271
9.858392583825125
9.856822544608285
9.85523833594784
9.853640082720897
9.852027939126247
9.850402090873592
9.848762757448139
9.847110194446557
9.845444695979603
9.843766597135838
9.84207627650006
9.840374158719209
9.838660717107572
9.836936476282268
9.835202014810976
9.833457967909304
9.83170503005584
9.829943957671889
9.828175571733084
9.826400760346104
9.824620481267448
9.822835764348435
9.82104771388991
9.819257510889543
9.817466415164052
9.815675767328347
9.813886990613137
9.81210159250239
9.810321166171947
9.808547391710462
9.806782037130409
9.805026958992848
9.803284103023532
9.801555504174495
9.7998432865114
9.798149662751568
9.796476933464191
9.794827485918825
9.793203792569335
9.791608409161983
9.790043972457676
9.78851319756006
9.787018874842836
9.78556386647147
9.78415110251641
9.78278357665687
9.781464341345131
9.78019650322533
9.77898321682739
9.777827679200852
9.776733123497902
9.775702812321153
9.77474003071624
9.773848078825912
9.773030264224559
9.772289893954149
9.771630266284799
9.771054662225062
9.770566336809075
9.770168510189396
9.769864358566169
9.769657004984714
9.769549510033697
9.769544862485894
9.769645969902815
9.769855649254744
9.77017661758598
9.770611482764737
9.77116273435575
9.77183273465349
9.77262370991359
9.773537741819343
9.774576759219084
9.775742530168763
9.777036654312088
9.77846055562798
9.780015475571998
9.78170246663423
9.783522386321646
9.78547589163313
9.787563433885628
9.789785254078152
9.792141378625072
9.79463161547859
9.797255550566291
9.800012544445615
9.802901729029172
9.805922004165033
9.809072033752678
9.812350240916759
9.815754801511199
9.819283634818968
9.822934389622901
9.826704422598512
9.830590763630395
9.834590058379316
9.838698467107308
9.842911474290153
9.847223469869018
9.851626401901301
9.8561042315274
9.860645331774732
9.865268496861926
9.869985659467181
9.874805443871072
9.879737074918681
9.88480260017326
9.890007398639153
9.89533686617545
9.900786897190924
9.906355033869662
9.912040740995833
9.917847761979559
9.923801631886818
9.929807803982815
9.93573610597442
9.941681860689217
9.947712857786556
9.953865586374903
9.960167598631958
9.96664199548434
9.973309195295325
9.98018779821566
9.9872950628741
9.99464719019197
9.997741009344876
9.98986373361956
9.981711302289575
9.973271937310791
9.964534599445983
9.955488970851851
9.946125446813959
9.936435134462279
9.92640985700857
9.916042162566045
9.90532533698322
9.894253420407221
9.882821227527817
9.871024371671584
9.858859293142375
9.846323292466687
9.833414569534586
9.820132270107337
9.806476541590559
9.792448601567358
9.778050823019166
9.763286843625805
9.748161710029944
9.73268207558995
9.716856484530652
9.700695806083317
9.684213956415793
9.667429263581313
9.650367724140224
9.633078350216019
9.615686792219979
9.598089747517523
9.580232974683998
9.562100413811052
9.543683929527514
9.524979501245038
9.505985977801142
9.486704664199738
9.467139424906486
9.44729738090208
9.427193531289555
9.406859311756353
9.38627548211516
9.36542583790721
9.344303170227374
9.3229037428456
9.301225522146277
9.27926756051157
9.257029669217689
9.234512204878468
9.211715910800693
9.18864178318644
9.165290951651597
9.141664563036395
9.117763664444436
9.0935890818905
9.069141292309075
9.044420287756992
9.019425432040107
8.994155312312918
8.968607592588427
8.94277888503963
8.916664674398168
8.89025937626919
8.863556728593927
8.836551077968544
8.809241596052908
8.781647894782319
8.753868874350603
8.725671255673856
8.696822267201822
8.66699881665845
8.635750558835301
8.603393992808178
8.570034457963356
8.535720532669316
8.500479903952947
8.464331026855167
8.427287904177646
8.389362483889656
8.350566017470484
8.310909896378512
8.270406197748853
8.22906805795048
8.186909933277006
8.14394778655556
8.100199220558155
8.055683572285957
8.01042197727756
7.964437410181306
7.917754705984976
7.870400565087927
7.822403544588187
7.77379403759605
7.724604241989392
7.674868119741484
7.624621347744567
7.573901261022814
7.522746788271951
7.471198382125284
7.419297942264905
7.367088733690573
7.314615299908519
7.2619233716408
7.2090597715380085
7.156072315385741
7.103009710304946
7.0499214504561
6.996857710764909
6.94386923919179
6.89100724806767
6.838323305014265
6.785869223958132
6.733696956610161
6.681858485634918
6.630405718100617
6.579390382139506
6.528863925355335
6.478877416114016
6.429481447950245
6.380726047421169
6.33266058571021
6.285333694256037
6.238793184652701
6.193085973037411
6.148258009151989
6.104354210232828
6.06141839985193
6.019493251798642
5.978620239141943
5.938839587989413
5.900190237202829
5.862709802319315
5.8264345448855694
5.7913993465777045
5.757637688053251
5.725181632367381
5.69406181276026
5.664307424600206
5.6359462212486235
5.6090045135973945
5.583507173018335
5.559477637457137
5.536937920401477
5.515908622454671
5.49640894532839
5.478456707542151
5.462068362752317
5.447259018935667
5.434042459411047
5.4224311650598365
5.412436337692366
5.404067924464341
5.397334643288351
5.392244009230225
5.388802361929244
5.387014894134205
5.386885681504961
5.388417713891266
5.391612928367834
5.396472244377543
5.4029956013816705
5.411181999725555
5.4210295448693895
5.4325354963148245
5.445696321627328
5.460507756716293
5.476964873497451
5.495062156287487
5.514793588518906
5.5361527516557
5.559132938555935
5.583727283990278
5.609928915621133
5.637731129523421
5.667127595353366
5.6981125976438305
5.730681321699736
5.764830194162008
5.800557294727794
5.837862855711544
5.876749878081737
5.917224900087184
5.959298970879252
6.002988904519498
6.048318925520385
6.095322874125795
6.1440472344044625
6.194555414911502
6.246934027401576
6.301302571477644
6.357829530718927
6.416762585810489
6.47849983424226
6.543935552296368
6.614102939109658
6.687757401777542
6.764328387522287
6.843482158967386
6.924973696620233
7.008605200707213
7.094207710337335
7.181631052152423
7.2707376072184555
7.361398136555879
7.453488850550476
7.5468892880648175
7.641480745856723
7.73714508936366
7.8337638274703725
7.93121736661279
8.02938437585189
8.128141211893935
8.227361352917374
8.326914794449527
8.426667363211672
8.526479962537204
8.626208292317154
8.725705982749822
8.824813672306837
8.923341432437605
9.02108695694032
9.117827291754427
9.213308255037573
9.30723129800644
9.399232363759587
9.4888427255387
9.575396936919848
9.657592535443111
9.73372041937766
9.805754310601902
9.874642070379588
9.940868931026776
9.99525075391576
9.933921816814452
9.875232504212262
9.818961475185969
9.76491094773894
9.71288822765336
9.662670722942238
9.613862956247083
9.566261827088043
9.520343513693136
9.476486407352484
9.4352896886278
9.396891919986967
9.36068723768179
9.326250585504365
9.293285518286776
9.26159942940441
9.231040501104545
9.20148396973507
9.172824249436998
9.144970087007438
9.117841376913832
9.091366939559109
9.065482898331107
9.040131451490106
9.015259918981423
8.990819984394767
8.966767087087572
8.943059927293731
8.919660062612193
8.896531579717987
8.873640830498015
8.850956225726739
8.828448082635399
8.806088525676474
8.783851442764181
8.761712502605608
8.739649242817078
8.717641243899072
8.69567041169311
8.673721402397513
8.651782240417791
8.62984521401401
8.60790818085029
8.585976534270166
8.564066328146154
8.542209727918765
8.520466122809937
8.498948315440478
8.478020758025087
8.457578400944891
8.43722081050677
8.416784232801527
8.396168955330301
8.375311696911044
8.354174388743969
8.332738237253658
8.310999821111984
8.28896813162447
8.266662141128489
8.244108735301118
8.22134094209395
8.198396423546464
8.175316204800628
8.152143614042668
8.128923405093106
8.105701033490384
8.082522057503702
8.059431637027577
8.036474104957097
8.0136925865513
7.991128641416253
7.96882189863953
7.946809643081776
7.92512628961364
7.903802612992817
7.882864447709178
7.862330201980843
7.842207326005774
7.822429606166491
7.803067081986164
7.784234581597157
7.765994931461645
7.748401060971476
7.7314993147712565
7.71533149375213
7.699935947183808
7.685348229280585
7.671601545905544
7.658727092744064
7.646754338911721
7.6357112838383845
7.625624708938218
7.6165204381328575
7.608423620099998
7.601359044909798
7.595351509279821
7.590426248181386
7.586609456859939
7.583928938359907
7.5824149310615505
7.582101205955462
7.583026590076857
7.585237206535146
7.58879001392215
7.593758945240729
7.600247044322229
7.608416230849928
7.618606523927733
7.631458376603826
7.6460897321547705
7.6620241854122595
7.678964703385901
7.6966804015892
7.714973747141391
7.733665817805129
7.7525879587641
7.771576261061072
7.790467407887798
7.809095163922458
7.827287062535618
7.844860937805916
7.861620925242658
7.877352420515176
7.891815156363559
7.904732825447328
7.915775893941075
7.924529195223488
7.930417199136423
7.932454952011466
7.928432771415526
7.920181697422563
7.909156099465507
7.8962005210785655
7.881997620583028
7.86666919824401
7.850399920732174
7.833378546388905
7.815778180426306
7.797755524475093
7.7794524618692495
7.7609979304234
7.742509639702116
7.7240955564374305
7.70585517161666
7.687880582143371
7.670257420360912
7.65306566048778
7.63638032631865
7.620272120524492
7.604807992746203
7.590051661368896
7.576064102316167
7.562904017188741
7.550628293256181
7.539292467695942
7.52895121059532
7.519658843548686
7.51146991535561
7.504439863692159
7.498625803684793
7.494087504453336
7.490888649601814
7.489098541353352
7.488794532441913
7.490065735482441
7.493019199949272
7.49779159012157
7.5045765022417745
7.513739615614111
7.52589116023942
7.540442219965289
7.5570541567136456
7.575539824633919
7.595761157463383
7.617604756123005
7.640971718384386
7.665772431371632
7.691923562051672
7.71934616953091
7.747964447283956
7.7777048442673475
7.8084954257795856
7.84026539163669
7.872944699755013
7.9064637607169095
7.94075317741878
7.975743510658092
8.011365051330584
8.047547579473093
8.084220084699323
8.121310411215903
8.158744767761592
8.19644699548768
8.234337379965261
8.272330515699005
8.310330793567275
8.348218999902748
8.385787182655438
8.422943004882889
8.459826255669485
8.496470636724906
8.532881023383082
8.569051052002557
8.604968507740004
8.640617876218041
8.675981764053036
8.711041775041698
8.745779089530725
8.780174866055908
8.814210528261038
8.84786797291262
8.881129720567358
8.91397902252556
8.946399933111724
8.978377353588291
9.009897052313734
9.040945665048563
9.07151067782509
9.101580395924028
9.131143900790622
9.16019099748692
9.18871215486797
9.216698440611133
9.244141453112253
9.271033252125426
9.297366289862229
9.3231333440845
9.348327454527688
9.372941863786917
9.396969963593548
9.420405247214603
9.443241268571242
9.465471608229064
9.487089847188125
9.508089547864083
9.528464243187484
9.548207434035604
9.567312595961301
9.585773197049052
9.603582730501742
9.620734769018355
9.637223054915781
9.653041654276532
9.66818523508149
9.682649605880885
9.696432865949228
9.709538355933526
9.72198700091493
9.733860670636593
9.745110550992868
9.755541068998555
9.76499933405233
9.773312819672924
9.78020744969133
9.78501942302821
9.78817036222538
9.790235016356938
9.791474305161834
9.792061027225083
9.792121467616695
9.79175182669588
9.79102673927701
9.790004440059683
9.788730243312946
9.787239059027801
9.785557301628048
9.783704376443275
9.781693860122969
9.779534447184263
9.777230714743153
9.774783743874039
9.772191626918286
9.769449883332424
9.766551801457084
9.763488719447372
9.760250255257727
9.75682449281608
9.753198129179184
9.749356585367313
9.745284081488368
9.740963675084988
9.736377257631387
9.731505503085657
9.726327755038993
9.720821832635519
9.714963721839581
9.708727095117004
9.702082556916675
9.694996415369395
9.687428548480883
9.679328274258838
9.670624781157219
9.661193581455787
9.65076632137025
9.63958845980539
9.627825258268292
9.615562542576118
9.602861594460615
9.589770628676334
9.576329785639533
9.562573719277754
9.548533111314953
9.534235631920314
9.51970658449373
9.50496935654096
9.490045744837735
9.474956195833041
9.459719987591633
9.444355371562539
9.428879688491623
9.413309472086237
9.397660557087843
9.381948214461657
9.36618732008821
9.350392395376527
9.334576925964075
9.318778646239977
9.302992354870709
9.287203713592737
9.271412332601699
9.255616846822667
9.239815071113117
9.224003583449647
9.208177253112195
9.192328786004465
9.17644825005998
9.160522539256089
9.144534733820267
9.128463299939778
9.112281040829428
9.09595363523403
9.079437433016349
9.062675744012111
9.045592179111182
9.028062103316387
9.00989032965329
8.991153559805344
8.971756917674327
8.951383671711223
8.929877361810824
8.907732872759487
8.88517405058918
8.862353678155207
8.839405240559065
8.816481319746176
8.793850207918029
8.77130527034158
8.748727102026995
8.72606392868822
8.703286690892899
8.680377960799724
8.657327435222212
8.634129628692795
8.610782518365934
8.587286660896345
8.563644563013815
8.53986019349184
8.515938571841223
8.491885391124562
8.467706641041751
8.443408196107207
8.41899532419912
8.394472038835723
8.36984015395277
8.345097752268186
8.320236648528226
8.29523985188944
8.270006093722852
8.244528877698917
8.218975765111447
8.193406289220707
8.167870475689606
8.142411010592545
8.117065697254542
8.091868935809572
8.066852569286743
8.042046396912914
8.017478506653447
7.993175503223293
7.969162673012166
7.94546410979925
7.922102816032794
7.899100789302312
7.876479100633147
7.85425796944545
7.832456838965202
7.811094455302831
7.790188953199589
7.769757951533669
7.749818662089032
7.730388015891707
7.711482812899274
7.693119902077496
7.675316405225383
7.658089999152578
7.641459285619523
7.625444294277291
7.610067201279588
7.595353424974127
7.581333454313789
7.568046346360968
7.55554825829841
7.543957643272099
7.533384922547098
7.523671317790895
7.514759434495252
7.506644375520857
7.499397842824224
7.49296769008469
7.48723622754783
7.482145065289375
7.477654964202056
7.473740619920273
7.470395609124628
7.467672854825331
7.465538093691678
7.463859687326306
7.4625666412970695
7.461608777100476
7.460948130822861
7.460555991055994
7.460411012331198
7.460497588831099
7.460804382360538
7.461323061226328
7.462047294806138
7.462972000805347
7.464092805895458
7.465405670135773
7.466906629011215
7.468591616576576
7.4704563432201
7.4724962098379635
7.474706246375967
7.477081067098549
7.479614838140755
7.482301255475502
7.485133534073999
7.48810441281335
7.491206186516789
7.494430787276639
7.49776993534862
7.50121534868375
7.504764806312734
7.508414026189618
7.512127480705873
7.515882408580715
7.519656154638605
7.52342463740508
7.527161597230264
7.530837659957021
7.534419034054251
7.5378654516205925
7.541126432167408
7.544133039482585
7.546768245012425
7.548775829608042
7.550282758676311
7.551485772244613
7.552471113742609
7.553296630439975
7.554008662790624
7.5546375995990145
7.555211276642209
7.555753171004937
7.556283213723869
7.556818438688655
7.557373434033593
7.55796066608645
7.558590719339044
7.559272479772455
7.560013279202352
7.560819012188121
7.561694233984397
7.562642244674036
7.56366516413022
7.564764000843446
7.565938717180415
7.567188293159481
7.568510790530735
7.56990341877235
7.5713626045439195
7.572884066184502
7.574462895081213
7.576093646393761
7.577770443321308
7.579487103208573
7.581237302131139
7.583014803118263
7.584813723015243
7.586627253198468
7.588441756900185
7.5902664531682
7.592108434128426
7.5939796077725195
7.595909254040548
7.597983622170922
7.6004480718607965
7.603056647835792
7.6056191779918505
7.608034378716118
7.6102164148601155
7.612073449684128
7.613481731736702
7.614164972728581
7.614094735049206
7.61358211168872
7.612757490462813
7.611703917042086
7.610483344660367
7.609145386697033
7.6077314165423555
7.606276814103932
7.604812323532089
7.603364931719066
7.601958466515968
7.60061402099471
7.599350264825525
7.598183679894169
7.597128744104712
7.596198077243951
7.595402564232275
7.594751457527459
7.594252469117848
7.593911855239331
7.593734498844268
7.593723995363431
7.593882750080897
7.594212103517897
7.59471252696899
7.59538401685262
7.596227172815465
7.597245493535888
7.598432218496426
7.599771401200254
7.601250677672598
7.602858240050693
7.604581870753582
7.60640871056372
7.608325167000603
7.6103168711108635
7.612368656225491
7.614464547010708
7.616587752488099
7.618720659044245
7.620844820487976
7.622940942586366
7.6249888594781705
7.626967499013561
7.628854833391871
7.6306278103747935
7.632262258647024
7.633732758279411
7.635012462908531
7.636072853390727
7.63688339034564
7.637411010660294
7.637619368492422
7.637467623970342
7.636908338333691
7.6358832528891165
7.634311529361307
7.632032074237415
7.628929692631478
7.62517316619838
7.62083743628258
7.615954584916405
7.610539225598255
7.604593513838619
7.598107091509475
7.591052152449441
7.583364984279152
7.574842341895748
7.565597106078863
7.555864580093141
7.545761546290169
7.535375026693262
7.524778405416227
7.514038778616471
7.503223384915433
7.4924187326458895
7.4817315305409355
7.471110343171926
7.460527418142549
7.449979399555595
7.4394695737310705
7.429004084988327
7.418590483586143
7.408237024634254
7.397952291335674
7.38774497839676
7.377623761247628
7.367597213676543
7.357673753645012
7.347861605759474
7.338168773604767
7.328603017850472
7.319171837651902
7.309882453854117
7.300741793137767
7.291756472522042
7.282932784211937
7.274276680371886
7.265793758050859
7.257489244197322
7.2493679808363805
7.2414344104710615
7.233692561764677
7.226146035549887
7.218797991194991
7.2116511333410225
7.204707699004986
7.197969445026454
7.1914376358160945
7.185113031346791
7.178995875222965
7.173085883254313
7.167382231114332
7.161883542696218
7.15658787770733
7.151492718860481
7.146594958393085
7.141890883721845
7.137376162038619
7.133045823668905
7.128894244063586
7.124915124407484
7.1211014710599585
7.117445574502849
7.113938989372825
7.110572518950663
7.1073362111567775
7.104219381009482
7.101210692703727
7.098298380770638
7.095470825758447
7.0927182065980565
7.090039344401293
7.087477981852351
7.084933835415753
7.082171862852392
7.079232488510508
7.076105678476003
7.072743893009866
7.069061117251557
7.064849739191725
7.059978102145321
7.054688174497422
7.0490820106436285
7.043220446381757
7.03714811942967
7.030900850992756
7.024508945463638
7.017998945766349
7.011394673528252
7.004717894343779
6.997988769219253
6.9912261764477615
6.984447951373637
6.977671072420616
6.970911811269484
6.964185859089533
6.957508437280917
6.950894399328337
6.944358329138948
6.937914642317492
6.931577695882933
6.925361915822123
6.919281954785438
6.913352900143876
6.9075905672811295
6.902011943611002
6.896635919222673
6.8914846272513905
6.886586340730306
6.881984034966876
6.877782855912419
6.873963709884562
6.870417995212489
6.867099269573541
6.863976285332191
6.86102473367025
6.858224166980453
6.8555564537587355
6.853004847593964
6.850553333083898
6.84818608484461
6.845886926913933
6.843638667562671
6.841422088428482
6.839214026521288
6.8369823643051255
6.834657826651175
6.832206908809666
6.8297103203254474
6.827202711642888
6.824706342307504
6.822238747360007
6.819815098943324
6.817449276268665
6.815154444253324
6.8129434076492466
6.810828853654753
6.8088235411135045
6.806940474325699
6.80519309717749
6.803595559047352
6.802163156858527
6.80091319050427
6.799866592226103
6.799068178877472
6.798511744021728
6.798181869851788
6.79807779330134
6.798201861413266
6.798558123378492
6.799151628278786
6.79998806234197
6.801073536283671
6.8024144481567586
6.804017388907092
6.805889074508525
6.808036296145309
6.810465883800468
6.813184680904501
6.816199529449776
6.819517267034052
6.823144740796002
6.8270888489886605
6.831356623416096
6.835955318123829
6.840892256253191
6.846174140677633
6.851806850079224
6.8577963501001165
6.864149244770486
6.8708729077039745
6.877975714961052
6.885467604850053
6.893361513497823
6.901680153820909
6.910453638809738
6.919662460316664
6.929291874292183
6.93933886154967
6.949805378584846
6.960697998683743
6.972029676383935
6.983825715929855
6.996159836899402
7.009048202071115
7.022387216659966
7.036129035157598
7.050239726364975
7.06469142619839
7.079459685136818
7.09452224626688
7.1098583829995405
7.125448502270526
7.141273889907227
7.157316539021149
7.173559029446153
7.189984440808329
7.206576287784339
7.223318470691957
7.240195236640703
7.257191147891856
7.2742910549366595
7.291480072333334
7.308743555661856
7.326067078121968
7.3434364053464085
7.360837466935626
7.3782563230307545
7.39567912389103
7.413092059760653
7.430481298018078
7.447832901001581
7.465132718494816
7.482366240558691
7.499518388835313
7.516573203752768
7.53351333820298
7.550319139216858
7.566966651679018
7.583421912175233
7.599611903661906
7.615567238134168
7.63132447531442
7.646895592510471
7.662285613475984
7.677495852337742
7.69252519011639
7.707370701885243
7.722028005795115
7.736491469996107
7.75075433694223
7.764808792807335
7.778645995706733
7.79225606945535
7.80562804411855
7.818749613705338
7.831607084306137
7.844187469040844
7.856478133997149
7.868464420636766
7.880129526639293
7.891454392805988
7.902417049113942
7.912991158799225
7.923142676159597
7.932815006047686
7.941926849870164
7.950546821820838
7.958690838644249
7.966366306378604
7.973576477874971
7.980322445890932
7.986604042451614
7.992420276742415
7.997769557992029
8.002649801974139
8.00705846560541
8.010992530926307
8.014448448142609
8.017422040098984
8.019908365028112
8.021901527646968
8.023394419290527
8.0243783508879
8.024842508711828
8.024773085074877
8.024151725577928
8.022952176725669
8.021127523121308
8.018579897560379
8.015350592813364
8.011511264181157
8.007091134216877
8.002108110896152
7.996573975380217
7.9904960586876985
7.983877724908729
7.976718118016235
7.969011095587915
7.960742650568028
7.951883547769113
7.942349809534958
7.932061353284951
7.921164183497044
7.909757924767904
7.897903511630294
7.885649546216036
7.873038946428586
7.860111851849365
7.84690754154642
7.833466235426031
7.819831548528748
7.806055462146051
7.792218968777736
7.778440103001643
7.764628065511792
7.750738333894901
7.736754618785228
7.7226701757346605
7.708483349185751
7.6941956944977274
7.679811005982616
7.665334747849439
7.650773690787318
7.636135663556683
7.6214293732436476
7.606664268395878
7.59185043034284
7.576998483018647
7.562119515765433
7.547225015152733
7.532326803282156
7.517436980846647
7.502567873758508
7.487731982528257
7.472941933829849
7.4582104338653386
7.443550223268755
7.4289740333813175
7.414494543798714
7.400124341143823
7.38587587908916
7.37176143947866
7.357793095049626
7.343982673237555
7.330341721604851
7.316881474823342
7.303612823357215
7.29054628396673
7.2776919721512385
7.265059576642594
7.252658336047519
7.240497017720174
7.228583898924956
7.216926750326136
7.205532821816059
7.194408830669341
7.183560952001824
7.172994811395412
7.162715479831325
7.152727470562486
7.143034738054329
7.133640678813904
7.124548134031504
7.115759393947999
7.107276203867524
7.099099771743347
7.09123077727379
7.08366938245491
7.076415243546358
7.06946752441654
7.062824911242581
7.056485628549801
7.05044745659773
7.044707750032005
7.039263458023236
7.034111145632069
7.029247016646018
7.024666937846931
7.020366464784277
7.016340869134185
7.012585167749429
7.009094153538519
7.0058624283561315
7.002884438147817
7.000154510675971
6.997666896273923
6.995415812249322
6.9933954918180055
6.991600238840709
6.990024490333257
6.988662889597201
6.987510374958897
6.98656229223472
6.985814546067589
6.985263820415972
6.984907937136314
6.984746540460943
6.984782661527462
6.985032917719769
6.985502265425349
6.986155958119792
6.986978523836388
6.987958798710757
6.989088202915944
6.990360073646372
6.991769457664527
6.993313127852167
6.994989770796174
6.99680037812275
6.998748976065112
7.000844074671728
7.003102153805133
7.005563804673065
7.008295500344489
7.011215258438367
7.014272180994629
7.017436719705469
7.020686537515465
7.024003277854223
7.027371200069706
7.030776466408866
7.034206717538093
7.037650798595415
7.041098565403631
7.044540740974371
7.047968801985
7.051374884263536
7.05475170023459
7.058092463698486
7.061390818781813
7.064640770816952
7.067836617494983
7.0709728790104345
7.074044226141535
7.077045405317489
7.079971159723396
7.082816145364079
7.08557484076139
7.088241448322398
7.090809784707974
7.093273155821257
7.09562420953716
7.097854754640574
7.0999555259007385
7.101915858338601
7.103723197388735
7.10536228321075
7.106813590503869
7.108049623987157
7.109016858499867
7.109634794427238
7.109991441992531
7.110140372597957
7.110105900604545
7.10990207702587
7.109536618296134
7.109012188628209
7.108326189543945
7.107468420866868
7.106401763654487
7.105107994205234
7.103657861884648
7.102082118902501
7.1004036130766295
7.098641224102923
7.096811594385525
7.094929934780633
7.093010460602373
7.091066650679297
7.089111410712694
7.087157180268547
7.085216005214229
7.08329958811146
7.081419324830738
7.079586333047025
7.077811476940246
7.076105391792824
7.074478512099307
7.072941107287517
7.071503330388136
7.070175287471967
7.068967140531301
7.06788926641649
7.066952516610895
7.0661686789995315
7.065551416669579
7.065118928934874
7.0649085058374546
7.064934285804087
7.065163187756511
7.0655803723271005
7.0661769961705545
7.066946054043762
7.067881184214977
7.068975778406003
7.070223197957429
7.0716187460425015
7.073157314663877
7.074832960178744
7.076639259848126
7.078569366551229
7.0806159992846
7.08277142062029
7.0850274061680825
7.087375202072982
7.089805463809974
7.092308165765956
7.094872464837492
7.097486489357099
7.10013700021324
7.102808815347192
7.105483741668859
7.108138269240145
7.110736546915933
7.113195902903718
7.115526615001524
7.117796847826697
7.120036052235887
7.122264911531718
7.124500451653454
7.126757803457618
7.129051006050425
7.131393421302813
7.133797961021525
7.136277213524941
7.1388435121966465
7.141508969002908
7.1442854863471865
7.147184755543423
7.150218247333609
7.153397198206828
7.156732595284527
7.160235161940282
7.1639153461174985
7.167783312900041
7.171848943486249
7.176121842483094
7.180611356276112
7.185326606020465
7.19027654027652
7.1954700147416295
7.20091591068945
7.206623311203506
7.2126017686076525
7.2188617262933485
7.225415227499047
7.23227723278889
7.239468535354183
7.247026252843809
7.255036123384358
7.263448692687958
7.2721894359543
7.281221353320392
7.290516582584397
7.300051389234755
7.309804269284875
7.319755006587803
7.329884129856552
7.3401725624668055
7.350601370326153
7.361151556043596
7.371803864515805
7.382538569040303
7.39333520108735
7.4041721672956795
7.415026150035777
7.425871068137232
7.436676019845741
7.447400176726886
7.4579665289098305
7.4682808228707795
7.478451143004547
7.488537566953811
7.498573509161341
7.508583971982917
7.518589783064318
7.5286094045203935
7.538659881353786
7.54875740823099
7.558917705818882
7.569156297102881
7.579488732678742
7.589930796564838
7.600498715807667
7.611209397573311
7.622080722278161
7.633131935771659
7.644384214745364
7.655861550261412
7.667592274690341
7.679612118754253
7.69197213352318
7.704783973779719
7.718105804943063
7.73181411187645
7.745858961780037
7.7602094381438445
7.77484221617584
7.789737915865831
7.804879473926607
7.820251295366233
7.835838781710826
7.85162808588872
7.867606062679978
7.883760536313513
7.900081330508129
7.916555887522064
7.933165220913372
7.949892194519616
7.966720939859492
7.983635924084282
8.00062172128026
8.017662924086759
8.034744095914318
8.051849738256356
8.068964269348122
8.08607200692533
8.103157153859055
8.120203784778134
8.137195832428688
8.154117072728893
8.170951107541946
8.187681344141977
8.204290970190266
8.220762922755107
8.237079849456782
8.25322405912478
8.269177458289223
8.28492146816916
8.300436914146182
8.31570387531663
8.330701473949672
8.345407570477377
8.35979830129392
8.373847334677855
8.387524565552907
8.400793501754055
8.413604699945845
8.425861180451532
8.43747082861764
8.448563319271756
8.459188958418729
8.469378151254897
8.479152941706749
8.48853098994001
8.497527308963717
8.506155166149956
8.514426600629402
8.522352739345845
8.5299439972686
8.53721020613439
8.544160696455908
8.550804347335086
8.557149612919446
8.563204530935815
8.56897671655416
8.574473343308105
8.579701111597469
8.584666204198488
8.58937422701791
8.593830131853842
8.598038115668613
8.602001488082708
8.605722492731449
8.609202059533333
8.612439447019613
8.615431698657252
8.618172758030756
8.620651889682009
8.622850507638372
8.624733792096075
8.626190140677906
8.627205093662699
8.62794014339715
8.628478899661127
8.628882805207054
8.629210553162864
8.629548080977866
8.629925971309376
8.630301287435994
8.630664519941622
8.631014531185704
8.631352952765972
8.631692398303972
8.632034391119358
8.632359552068236
8.632660586378393
8.632929032511154
8.633154679949017
8.63332431261986
8.633419536278806
8.633411915809976
8.633241760099807
8.632799145528432
8.632189162825485
8.631503041935181
8.630797294514046
8.63012499629549
8.629548965267874
8.629187809816562
8.629133642599067
8.629230691834323
8.629414270484558
8.629648232374779
8.629908075087393
8.630176015390964
8.63043874802315
8.630686048706004
8.630909897520555
8.631103964542678
8.631263283828725
8.631384020804681
8.631463292912922
8.631499026219947
8.631489838036895
8.63143493899105
8.631334049918202
8.63118733023361
8.63099531533904
8.630758861260357
8.63047909516488
8.630157370733958
8.629795227602125
8.629394354244601
8.628956553831447
8.628483712553312
8.627977770274919
8.627440692905527
8.626874446372497
8.626280971757568
8.625662161190684
8.625019833971091
8.624355712211582
8.623671395041459
8.622968330026055
8.622247779927662
8.621510782209011
8.620758097752873
8.619990144196136
8.61920690825961
8.618407830685005
8.617591660035593
8.61675626883354
8.615898439877853
8.615013626210263
8.61409569346212
8.613136637882302
8.61212623870934
8.611051535240936
8.609895874555907
8.608636877262716
8.607241642238971
8.605632856689894
8.603762112098641
8.60174142591292
8.599609931177284
8.597393744586725
8.59511214495141
8.592780572043537
8.590412041765338
8.588017920519752
8.585608394788283
8.583192776262349
8.580779709918476
8.578377320802238
8.575993319984468
8.573635082112515
8.571309702472893
8.569024038822505
8.566784741608744
8.564598275155245
8.562470931704366
8.560408839753432
8.558417967745337
8.556504124119622
8.554672954285133
8.552929935237236
8.551280368285465
8.549729370344277
8.548281864177996
8.546942567948072
8.545715984375722
8.544606389804095
8.54361782341974
8.542754076872708
8.542018684517114
8.5414149144796
8.540945760750768
8.540613936467375
8.540421868669677
8.54037169443932
8.540465258943453
8.540704115284441
8.541089526429959
8.5416224693742
8.542303641700673
8.543133470718855
8.544112125347057
8.545239530911315
8.546515387022316
8.547939188677285
8.549510250708241
8.551227735659241
8.55309068512036
8.555098054424665
8.557248750859515
8.559541674432992
8.561975761781662
8.56455003204089
8.56726363439174
8.570115896627415
8.573106374162993
8.576234899067515
8.579501629027346
8.58290709673636
8.586452261186308
8.590138563897039
8.59396799539254
8.59794317938936
8.602067475660235
8.606344830119973
8.61077898362636
8.615378649988951
8.620153538160453
8.625116442634015
8.630287011496144
8.635708943079594
8.641431049557994
8.647384367302148
8.653528725141726
8.659841822951183
8.666307296655209
8.672912014612566
8.67964491886365
8.6864964161475
8.69345802135028
8.700522134451772
8.707681895763479
8.714931090752017
8.722264095011948
8.729675889438095
8.737162018721268
8.744718258971794
8.75234095322684
8.760027045207018
8.767774056915309
8.775580126859579
8.783444073354339
8.79136548379517
8.79934484050305
8.807383703119271
8.815484984899896
8.823653397931041
8.831896235218155
8.840224933155369
8.848658964300354
8.857245156875914
8.86604921430389
8.874970852606284
8.88394938196108
8.892939818958345
8.901888541979114
8.910707374065614
8.919430226834926
8.928116916672376
8.936790356377974
8.945463925163295
8.954146488465767
8.962844195695645
8.9715613627528
8.980300968475616
8.989064964968762
8.997854484322632
9.006669985822715
9.015511366670827
9.024378049893171
9.033269058118847
9.042183079281504
9.051118529046065
9.060073614510205
9.069046404482263
9.078034913844519
9.087037214472652
9.096051596303946
9.10507682792547
9.114112615427949
9.123160288947979
9.13222926883508
9.141337971764218
9.15044561761788
9.15953674215794
9.16859791717509
9.177617061063302
9.186582821473875
9.195484211584175
9.204310398744283
9.213050567055319
9.221693816566209
9.230229080444957
9.238645049530597
9.246930097187935
9.255072199093192
9.263058841898982
9.270876915338151
9.278512578942777
9.285951091817193
9.293176587143535
9.30017176116895
9.306917422852823
9.313391799534083
9.319569369505224
9.325418629651718
9.330897132135238
9.335925999919997
9.340412755467542
9.344446335752055
9.34802130763677
9.351191625794122
9.35399143263324
9.356440298293231
9.358551865693176
9.360336209966563
9.36180097621514
9.362952015673859
9.363793768963145
9.364329499325105
9.364561422665636
9.364490754334394
9.364117675876585
9.363441210201715
9.362458974348778
9.36116674540375
9.359557703674827
9.357621035098184
9.355339002257187
9.35267892937139
9.349546154586946
9.345926412386708
9.341957198806014
9.337700737292645
9.333199173643582
9.32848564841379
9.323588075462341
9.318530961031852
9.313336451575594
9.308025019753789
9.30261596729449
9.297127839878778
9.291578818895234
9.285987152394256
9.280371712856569
9.274752849042567
9.269153941829133
9.263605010574986
9.25815719924006
9.252902456756154
9.247753545560883
9.242651741550869
9.237561492472587
9.232450057184185
9.227276890449781
9.221956173669387
9.216455915997674
9.210856055869822
9.205184631994854
9.199456611464905
9.193682074159193
9.187869570644477
9.182026411901443
9.176155927208661
9.1702597204785
9.16434041432355
9.158401533836777
9.152447184612107
9.14648192700588
9.140510727336205
9.134538931758732
9.128572246640013
9.122616720807565
9.116678728296035
9.110764951164136
9.104882362190445
9.099038207570452
9.09323998943571
9.087495448377874
9.08181254596382
9.076199447302198
9.070664503716701
9.065216235585922
9.05986331541471
9.054614551207788
9.049478870222938
9.044465303188767
9.039582969080884
9.034841060560755
9.03024883019357
9.025815577476212
9.021550637424623
9.01746336938438
9.01356314827442
9.009859356980048
9.006361380775333
9.003078604002118
9.000020409407671
8.997196180641364
8.994615308544923
8.992287202057208
8.990221304818899
8.98842711894654
8.986914238017725
8.98569239218839
8.984771509761226
8.984161801846685
8.983873880754857
8.98391893033056
8.984308961142398
8.985057216428089
8.986178877338835
8.98769247223096
8.989623626833836
8.992025887742084
8.994929807720403
8.998278185221855
9.002047960280088
9.006227334788191
9.010809116889254
9.015788955806563
9.021164708087309
9.026936353321295
9.03310640615477
9.039681147733763
9.046673059397405
9.0541313565905
9.062042750479469
9.07035176017009
9.079033496602245
9.088068124993523
9.097438456275732
9.10712866095463
9.117123622455095
9.127408573104042
9.13796885283923
9.148789344094286
9.159855113793219
9.171152499306922
9.182667066778082
9.194384183253584
9.206289097567588
9.21836695445916
9.230602808121448
9.242981632828092
9.255488328770026
9.26810772238064
9.280824560620095
9.293623498520645
9.30648907894987
9.319405703030172
9.332357588891973
9.345328715300575
9.358302744939117
9.371262919268323
9.384191912360178
9.397071621907138
9.40988286075195
9.422604878041057
9.43521456435214
9.447684995052382
9.459982303986658
9.472056874926198
9.483790705069904
9.495196841502569
9.506386883998912
9.517404895740711
9.528278948588856
9.539029012410484
9.549669851052236
9.560212809609885
9.570666763909973
9.581038687231501
9.591334024746237
9.601556957537364
9.611710598683626
9.621797146405893
9.631818010794774
9.64177392642919
9.65166506129179
9.661491131634076
9.671251531738355
9.6809454853865
9.690572220425672
9.700131157844464
9.709622093714708
9.719045342322275
9.728401810778761
9.737692991799321
9.746920887048951
9.756087890286787
9.765196663157358
9.77425002721418
9.783250883278589
9.792202159574254
9.801106785036113
9.809967682747986
9.818787778982015
9.827570024590987
9.836317426914148
9.845033091673432
9.853720275553908
9.862382451395929
9.87102338925587
9.879647258707626
9.888258760199736
9.896863298384304
9.905467218587884
9.914078144220733
9.92270548820678
9.931361296036767
9.940061816906425
9.948831083612136
9.957713142385947
9.966806982950626
9.976027007191671
9.985308955319473
9.994619740296764
9.996065531909267
9.986777930131336
9.977535135167651
9.968349579370722
9.959231937843207
9.950191510738078
9.941236483317509
9.93237411002564
9.923610848453494
9.91495245870494
9.906404077948515
9.897970276521471
9.889655099689445
9.881462097327729
9.8733943415381
9.865454427809858
9.857644445181784
9.849965886979094
9.842419549734142
9.835005970077171
9.82772651683768
9.82058291895169
9.813576309421668
9.806707201855108
9.799975640150882
9.793381276573642
9.786923407775475
9.780600994253941
9.774412673045887
9.768356767165848
9.762431293122065
9.756633967045408
9.750962209602454
9.745413149769877
9.739983627083138
9.734670192343925
9.729469106087548
9.72437633420431
9.719387539716424
9.714498069312976
9.70970293263598
9.704996771380289
9.700373813798812
9.695827807782166
9.69135192150633
9.686938593036865
9.682579295458927
9.678264152635307
9.673981265809523
9.669715401626027
9.665444932778225
9.661130179601319
9.656680694483592
9.65216842725307
9.64767800059983
9.643272048850493
9.638980751602835
9.634789474782387
9.630699924088535
9.626717285551582
9.622847709797826
9.619097681615509
9.61547380359842
9.611982719376591
9.60863109630387
9.605425639717907
9.60237313205094
9.599480497402936
9.596754904630055
9.594203936428743
9.591835891202015
9.589660406214591
9.587690162480747
9.585950732262665
9.58444944067827
9.58316506768319
9.582090520302097
9.581222208227047
9.580558031078013
9.580096726976906
9.579837602815592
9.579780434893422
9.57992548245831
9.580273619794845
9.580826658625263
9.581588010745051
9.582563166386308
9.583783011848602
9.585223187798576
9.586859493479324
9.588679610928727
9.590673441862368
9.592832257353018
9.595148132478089
9.597613643765857
9.600221694353962
9.602965404459905
9.60583803890691
9.608832956771963
9.611943575876337
9.615163346861157
9.618485734079623
9.621904201307773
9.625412200920493
9.629003165559025
9.632670501555932
9.636407583532836
9.640207749672166
9.644064297200108
9.647970477608588
9.651919491085007
9.655904479496524
9.659918517057951
9.663954597477947
9.668005615682437
9.672064341249431
9.676123378498408
9.68017510404419
9.68421156302337
9.68822427994204
9.692203858194103
9.696138890471497
9.700011613561635
9.703773151395357
9.707424863813634
9.710999657818157
9.714504932905134
9.717943029578764
9.721314205870096
9.72461754699046
9.727851373488175
9.731013474635994
9.73410127108128
9.737111956657717
9.740042659290296
9.74289068700617
9.745654092203521
9.748333923288747
9.750937836085955
9.753455509490411
9.755863461868149
9.75814397591908
9.7602815014125
9.762260493368856
9.764064379734464
9.765674652252994
9.767069619027097
9.768222140043978
9.769093585437368
9.769614399984658
9.769686267382975
9.769354883792598
9.768725329392748
9.767844202308083
9.766743001820899
9.765445991052694
9.763973118694661
9.762341451863895
9.760565990195532
9.758660172586133
9.756636213265969
9.75450533529678
9.752277938671941
9.74996372465941
9.747571789773483
9.745110697957966
9.742588536713777
9.740012961111365
9.737391228468319
9.734730225699156
9.732036490815663
9.72931622968835
9.726575328920214
9.72381936550137
9.721053613788014
9.718283050271374
9.715512356568535
9.712745921097666
9.70998783996467
9.707241917856207
9.70451167012201
9.701800328140676
9.699110851881452
9.696445957644142
9.693808178996687
9.691200007861111
9.688624270823933
9.686085533433303
9.68359533192115
9.681138797609153
9.678701380715145
9.676273422161936
9.6738457026139
9.671408001098646
9.668947493584138
9.666445197467358
9.66385652754011
9.661168050445184
9.658428424824764
9.655658178307524
9.652870820978807
9.650076964190754
9.647285665619743
9.644505048937026
9.6417426447856
9.63900560364639
9.636300844064618
9.63363516784235
9.631015361000127
9.628448294932623
9.625941043076594
9.623501036175496
9.621136300454703
9.61885588612866
9.616670832077695
9.614597678593306
9.61266466376722
9.610855956436959
9.60916347070291
9.607584821836987
9.606119330073941
9.604767075146372
9.603528508781173
9.602404274061266
9.601395120207721
9.600501836904098
9.599725187339065
9.599065862048699
9.598524456048253
9.598101458111794
9.59779724515554
9.597612079047042
9.597546104944806
9.597599350805364
9.597771727839078
9.598063031747433
9.598472944607959
9.599001037301756
9.599646772403986
9.600409507478787
9.601288498734244
9.602282905027678
9.603391792158911
9.604614137503937
9.605948834942195
9.607394700101047
9.608950475925631
9.61061483859131
9.612386403782601
9.614263733370048
9.616245342525962
9.6183297073315
9.620515272942654
9.622800462402159
9.625183686209912
9.627663352798777
9.630237880068423
9.632905708472391
9.635665315404111
9.638515232139127
9.641454063381868
9.644480510550544
9.64759340004622
9.650791718392055
9.654074657093064
9.657441671681122
9.660892562250918
9.66442758811126
9.668047639944044
9.671754517020895
9.675551419468594
9.679443960457862
9.683442541727654
9.687579944445918
9.691857951952718
9.69623223857868
9.700683451794543
9.705197083957154
9.709760990363636
9.7143643042422
9.718996910428407
9.723649144409588
9.728311599221819
9.732974991525419
9.737630065771196
9.742267531077854
9.746878044037027
9.751452303016709
9.75598157613765
9.76046214626543
9.764888672561618
9.769185852119284
9.773266961134725
9.777197629967795
9.781015564962425
9.784738579020182
9.788378343580572
9.791943379820093
9.795440282622119
9.798874342126654
9.80224990348795
9.805570594790336
9.808839481360085
9.812059175681192
9.815231918865203
9.8183596429404
9.821444019780945
9.82448650023618
9.827488346010615
9.830450655947446
9.833374387912897
9.836260377138036
9.839109351643543
9.841921945208327
9.844698708221838
9.847440116667615
9.85014657941152
9.852818443905226
9.855456000357496
9.858059484367413
9.86062907797785
9.863164908832193
9.865667047594908
9.868135502711926
9.870570212307312
9.872971032162924
9.875337718418894
9.877669902808325
9.879967056857083
9.882228438948372
9.884453013179597
9.886639318250431
9.888785238983113
9.890887569658164
9.892941215699423
9.894936893417782
9.89684123687546
9.898694951915228
9.90051340114009
9.902307742099726
9.904086931636044
9.90585876467238
9.90763044272218
9.90940893298218
9.911201264991119
9.913014852241343
9.914857941062337
9.916740405817798
9.918675629761992
9.920689585163005
9.922812143554742
9.925004709996893
9.927250587044506
9.92953976267497
9.9318648089017
9.934219614603936
9.936598835514301
9.938997607071427
9.94141137697158
9.94383579989755
9.946266667508523
9.948699859676132
9.9511313090496
9.953556974165787
9.95597281803025
9.95837479006567
9.960758809879627
9.963120751607295
9.96545642771708
9.967761571176432
9.970031814741322
9.972262665928243
9.974449475831618
9.976587399444123
9.978671344428133
9.980695904342216
9.982655270981928
9.98454311828662
9.986352445963485
9.988075361594342
9.98970275838383
9.991223793094541
9.992624923794747
9.993887758209846
9.994982611875656
9.995838451191775
9.996497927889198
9.997007063716852
9.997386903541386
9.99765162078692
9.997811938940824
9.997876492172209
9.997852507690478
9.997746196753493
9.997562999051478
9.997307745272714
9.996984770895569
9.996598000804441
9.996151021228348
9.995647162657962
9.995089579629294
9.99448105141757
9.993823811072732
9.993119875107801
9.992371125499762
9.991579287783441
9.99074592945091
9.989872461033183
9.988960136802362
9.988010055848827
9.987023163389207
9.986000251869951
9.9849419615181
9.983848780082141
9.982721041511207
9.981558923222504
9.980362441345488
9.979131442677279
9.977865590377917
9.976564335572144
9.975226854577677
9.973851914143248
9.97243773388782
9.970982592400613
9.969486124722204
9.967948499911087
9.966369332801879
9.964747707392357
9.963082323598588
9.961371544644292
9.959613381597794
9.95780543126841
9.955944755394539
9.954027658506133
9.952049252390166
9.950002377542965
9.947873125215184
9.945635778525524
9.943299986565252
9.94089141004736
9.9384229925128
9.935903504691906
9.933340013557043
9.930738576689826
9.92810455611402
9.92544278842896
9.922757685599057
9.920053298040187
9.917333355390705
9.914601293065315
9.91186026920196
9.909113174556843
9.906362636959736
9.903611021177248
9.900860424594692
9.898112668751367
9.895369286409025
9.892631503426802
9.88990021417671
9.887175948440577
9.884458826471848
9.881748496786678
9.879044047458127
9.876343874437403
9.873645475388242
9.87094510275021
9.868237117047915
9.865512569753706
9.862754904112226
9.85991677236442
9.857012690796385
9.854103479511464
9.851224750728267
9.84838840513048
9.845606339119437
9.842910013307385
9.84029714011893
9.837746224784734
9.835250986031328
9.83280910173084
9.830420340887354
9.828086065540308
9.825809445388206
9.823598368784488
9.821459049994452
9.819382900359646
9.81736685527954
9.815409613120796
9.813510596851533
9.811669635316507
9.80988681221342
9.80816237981099
9.806496703762921
9.804890225259182
9.803343434306093
9.801856851857782
9.80043102213646
9.799066519950975
9.797763960619607
9.79652391538056
9.795346714904337
9.794232472836221
9.793181271786569
9.79219320530312
9.791268347556256
9.790406731588634
9.789608338953952
9.788873094449844
9.788200863012278
9.787591447690037
9.787044588278997
9.786559960422025
9.786137174984445
9.785775778122225
9.785475250775853
9.78523500918079
9.78505440514898
9.784932726590975
9.784869198183529
9.784862982172735
9.784913179305716
9.785018829886104
9.785178914950274
9.785392357562671
9.785658024229495
9.785974726430785
9.786341222271489
9.786756218252515
9.787218371160737
9.787726290094056
9.78827853858795
9.788873636894271
9.789510064380801
9.790186262071872
9.790900635336556
9.791651556737369
9.792437369058595
9.793256388541971
9.79410690837043
9.794987202458795
9.795895529637157
9.796830138351682
9.79778927206541
9.798771175628984
9.799774103007886
9.800796327113275
9.80183615249629
9.802891933277
9.803962100503576
9.805045210038013
9.806140016493357
9.807245461041529
9.80836066317176
9.80948531369918
9.810620334656578
9.81176973022366
9.812949072554682
9.814142739400932
9.815330667785457
9.8165002482287
9.81764025009841
9.81873944488981
9.819785590464779
9.820763877093558
9.821652700616811
9.822402347942589
9.823030154265108
9.823576147760436
9.824057182323774
9.824484285443951
9.82486571382325
9.825208100588684
9.82551701752665
9.82579729179548
9.826053200465406
9.82628859717838
9.82650699822157
9.826711642226106
9.826905534099446
9.827091476255111
9.827272092469423
9.82744984598265
9.827627053543072
9.827805896474999
9.82798842952037
9.828176587980153
9.828372193530852
9.828576958988844
9.8287924922255
9.829020299388324
9.829261787550582
9.829518266888913
9.829790952470612
9.830080965731785
9.830389335684256
9.83071699993973
9.831064805575998
9.831433509899966
9.831823781146248
9.832236199147681
9.832671256010327
9.833129356821875
9.833610820418846
9.83411588023446
9.8346446852456
9.835197301033782
9.835773710971583
9.836373817542377
9.836997443784128
9.837644334937982
9.83831416009713
9.8390065141158
9.839720919564934
9.840456828797107
9.841213626083755
9.841990629794351
9.84278709457922
9.84360221350785
9.844435120102268
9.84528489018915
9.846150543472929
9.847031044702831
9.847925304264592
9.848832177965079
9.8497504656816
9.850678908392306
9.851616182837434
9.852560892581101
9.853511553256492
9.854466567306043
9.855424175110477
9.856382334187742
9.857338357320058
9.858288297499087
9.859228855848142
9.860161317483428
9.861087698390113
9.862008502534177
9.862923488643949
9.863832030637356
9.864733205012536
9.865625796350365
9.866508259284227
9.867378636203632
9.86823440645034
9.869072205266649
9.86988723694193
9.870671723453288
9.871405830224463
9.872077656345787
9.872721276853568
9.873355181554615
9.873995185355671
9.874638699659922
9.87528764938597
9.875945732042936
9.876619040158893
9.877320337993886
9.87804224947908
9.878775036971797
9.879514317140337
9.880256897073458
9.88100009399963
9.881741434664415
9.882478486611102
9.88320874136942
9.88392951651144
9.884637857604035
9.885330423490405
9.886003332934273
9.886651933325513
9.88727040421281
9.887850952355308
9.888381636869923
9.888833793544544
9.889203068425797
9.889517952332676
9.889789947458103
9.890026489431374
9.890233249303938
9.890414933970765
9.890575665339673
9.890719195147469
9.890849045007755
9.89096861210708
9.89108126495791
9.89119045268424
9.891299868241392
9.891413781736262
9.891538214355183
9.891683429772927
9.891844275583292
9.892017290629521
9.89220143278297
9.892396330084106
9.89260191638778
9.89281828466752
9.893045613886999
9.893284128029823
9.893534071440351
9.893795693294976
9.894069237554715
9.894354936382598
9.894653005837622
9.89496364309019
9.895287024796035
9.89562330603
9.895972619937751
9.89633507767034
9.896710768605267
9.897099760755447
9.897502101307195
9.897917817243156
9.89834691601679
9.898789386252876
9.899245198454384
9.899714305700353
9.900196644322886
9.900692134553852
9.901200681134057
9.901722173873937
9.90225648819263
9.902803485554628
9.90336301390492
9.903934908024105
9.904518989833507
9.905115068645262
9.905722941357887
9.906342392598464
9.906973194813007
9.907615108306958
9.908267881238103
9.908931249564413
9.909604936949467
9.910288654628129
9.91098210123503
9.91168496259064
9.91239691149154
9.91311760739462
9.913846696142862
9.914583809621393
9.915328565384321
9.916080566239412
9.916839399781487
9.917604637860954
9.918375835967637
9.91915253250166
9.919934247891169
9.920720483499743
9.921510720241377
9.922304416783543
9.923101007160703
9.923899897522189
9.924700461617322
9.925502034237354
9.926303901495434
9.92710528560088
9.927905319560473
9.928703001120859
9.92949709313319
