9.986651840309872
9.986372689193937
9.986085626014626
9.98579041123077
9.98548680137573
9.985174548899117
9.984853401844116
9.984523103251476
9.984183390073728
9.983833990947417
9.983474621663293
9.983104989086648
9.982724666036958
9.982333332905553
9.98193094502456
9.981517314608867
9.98109225072546
9.980655552370033
9.980207015682858
9.979746436624499
9.979273612478195
9.978788342853823
9.978290430431437
9.977779681547233
9.9772559066765
9.976718920843767
9.976168543977934
9.975604601223296
9.97502692321341
9.97443534631248
9.973829712827566
9.9732098711941
9.972575676198144
9.971926988869539
9.971263676968094
9.970585614838182
9.969892683555916
9.96918477100564
9.968461771956054
9.967723588152953
9.966970128461522
9.96620130911965
9.965417054202451
9.964617296414048
9.963801978193485
9.962971052604011
9.962124482713397
9.961262239947693
9.960384312618249
9.95949073608472
9.95858152053945
9.957656484739971
9.956715393508922
9.955757992127111
9.954784335416115
9.95379448852624
9.952788458761523
9.951766238272537
9.950727811631651
9.949673158652084
9.948602255569142
9.947515075486503
9.946411588452962
9.945291761340032
9.944155557524871
9.943002936898342
9.941833855027996
9.940648263073768
9.939446107271358
9.93822732845721
9.936991861550755
9.935739634983785
9.934470570060133
9.933184580219269
9.931881570161766
9.930561434767867
9.92922405769107
9.927869309409543
9.926497044297996
9.92510709570764
9.923699265649473
9.922273307593622
9.920828753031293
9.919365453454605
9.917883540283881
9.916382958852559
9.914863618204237
9.913325403838734
9.911768185340703
9.910191819734164
9.908596153297214
9.906981022643349
9.9053462554086
9.903691670707914
9.902017079446898
9.900322284537317
9.898607081044993
9.89687125628352
9.895114589876197
9.893336853770315
9.891537812225522
9.889717221766535
9.88787483109906
9.886010380983622
9.884123604058928
9.88221422460272
9.88028195821271
9.878326511382316
9.876347580933446
9.874344853247543
9.872318003198167
9.87026669261365
9.868190567916153
9.86608925628831
9.863962357993698
9.861809425302578
9.859629868388843
9.857423299318317
9.855189499990363
9.852928131651419
9.850638816822778
9.848321149046765
9.845974692671964
9.843598975755715
9.841193459188268
9.838757531506431
9.836290736370554
9.83379229713303
9.831261715534875
9.828698783126905
9.826103161674952
9.823474448786977
9.820812214162597
9.818116010337523
9.815385377387736
9.812619846078013
9.809818940476374
9.806982180625779
9.80410908580857
9.80119917920667
9.798251995323074
9.79526709075266
9.79224404854419
9.7891824469886
9.78608243606201
9.782944612615236
9.779766341430097
9.77654667931679
9.773284693883564
9.769979453132603
9.76663005004535
9.763235614673695
9.759795311820291
9.75630726292436
9.752768131329683
9.749180545799781
9.745543841836229
9.741857289990692
9.738120212534207
9.734331993247583
9.730492101873045
9.726600254304987
9.722656030603524
9.718659453617674
9.714609513555839
9.710504210133088
9.706342069077333
9.702121864749909
9.697842272298296
9.693502032850144
9.689099933661787
9.684634782780734
9.680105402225823
9.675510626476814
9.67084930486964
9.666120308838423
9.66132254843836
9.656455014033284
9.6515170109841
9.646507641144154
9.641424942696373
9.63626748716029
9.631033838362416
9.625722610007625
9.62033254020581
9.614862518587007
9.609311111636153
9.603677051321995
9.597959174887334
9.592157218112362
9.586270332968272
9.580295384184875
9.574230639665867
9.56807442504518
9.561825119373506
9.555481151378824
9.549040991786086
9.542503148568201
9.535866165225023
9.529128621027768
9.522289132535759
9.515346355999071
9.508298990424576
9.501145781169116
9.49388552397145
9.486517069362542
9.479039327410737
9.471451272768816
9.463751950009003
9.455940479147317
9.448016061527412
9.439977985790573
9.431825634103983
9.423558488551873
9.415176137682742
9.406678283192194
9.39806474671967
9.38933547673617
9.380490555498476
9.371530206043941
9.362454799198227
9.353264860566808
9.343961077479397
9.334544305854841
9.325015576923805
9.315376103944514
9.305627288451003
9.295770726556249
9.285808214853628
9.27574175604202
9.26557356420595
9.255306069709073
9.244941923658727
9.234484001899254
9.223935408491728
9.21329947863813
9.20257978100855
9.191780119430915
9.180904533903865
9.169957300894882
9.158942932885466
9.147866177140608
9.136732013645002
9.12554565220794
9.114312528689918
9.103038300335246
9.091728840190088
9.080390230590002
9.069028755705045
9.057650893134511
9.046263304547642
9.03487282537116
9.023486453528788
9.012111337242702
9.000754761911388
8.989424136083068
8.97812697660916
8.96687089265218
8.955663569440503
8.944512750694543
8.933426220575214
8.92241178488605
8.911477251628785
8.900630410964837
8.889879014638382
8.879230754919488
8.86869324312821
8.858273987802576
8.847980372575035
8.837819633823003
8.82779883815984
8.817924859832702
8.808204358035818
8.798643754545932
8.789249210894294
8.780026606260048
8.770981515305184
8.76211918633723
8.753444519793135
8.744962047086693
8.736675909854643
8.728589839627569
8.720707137941401
8.713030656892446
8.705562780123737
8.698305404211998
8.691259920402008
8.684427196607468
8.677807559407869
8.671400776813813
8.665206039266359
8.659221941678943
8.65344646383748
8.647876949593943
8.6425100840577
8.637341867936618
8.632367587902767
8.627581781479325
8.622978194424013
8.618549727857378
8.61428837135852
8.610185116785921
8.606229845460208
8.602411178227719
8.598716273143234
8.595130549104159
8.591637300067818
8.588217149301276
8.58484725524971
8.58150011598141
8.578141669316162
8.574727996238643
8.571198663136743
8.567458592963584
8.563273980534657
8.558614434618208
8.55374872134696
8.548785128569804
8.543767537063074
8.538729183065232
8.533696426853606
8.528689424473896
8.523723543129964
8.518810325057002
8.513958124312225
8.509172510559917
8.504456496521875
8.499810618424227
8.495232874621024
8.490718496519246
8.486259463087775
8.481843507389438
8.477452263716197
8.473058896160756
8.468584936195422
8.464061678952095
8.459521800349647
8.454967818076742
8.450396035338482
8.445796674054515
8.441153470574008
8.436441977256887
8.43162530465532
8.42663466530369
8.421325567046821
8.415778171256132
8.41007201870467
8.404243218661994
8.398313755304063
8.392298779548673
8.386209166190929
8.380052755275475
8.373835054753071
8.367559672937615
8.361228599677476
8.35484239537184
8.348400320313868
8.34190042300035
8.335339598730371
8.328713625534412
8.322017181860357
8.315243848750223
8.30838609807831
8.30143526756421
8.294381522587006
8.287213804220885
8.279919762322132
8.272485671866836
8.264896329960543
8.257134930421628
8.24918291062657
8.241019765631064
8.232622820792905
8.223966952426686
8.215024241729516
8.205763541485574
8.196149926249051
8.186143982678955
8.175700873150195
8.164769063642161
8.153288525589002
8.141188048730099
8.12838088577005
8.114756737652218
8.100163166728505
8.084315538141691
8.06693958276803
8.048123200414516
8.027642834897824
8.005838730142136
7.9830118981531895
7.959368865862459
7.935134888307758
7.910315159807025
7.884913390246316
7.85895566021821
7.832468975960776
7.805478576802357
7.778007334915042
7.750075699706249
7.721701798402591
7.6929015734918575
7.663688915136241
7.634075778502959
7.604072281913891
7.573686788237915
7.542925972635915
7.511794880557887
7.480296980306816
7.448434214916727
7.416207058649497
7.383614584102261
7.35065454665053
7.317323493529038
7.283616904920946
7.249529373467942
7.215054826114439
7.180186786658159
7.144918672674563
7.10924410842334
7.073157231786675
7.03665296746903
6.9997272421319
6.962377126154433
6.924600899672836
6.886398053015471
6.847769239823745
6.808716203541925
6.769241695529368
6.7293493980348895
6.689043859840038
6.648330447874925
6.607215314971406
6.565705382454702
6.523808334514257
6.481532622718311
6.43888747757056
6.395882925283718
6.352529807950972
6.308839805656977
6.264825459339757
6.220500193435777
6.17587833751603
6.130975146259071
6.0858068172149675
6.040390505899024
5.9947443378228
5.948887417126004
5.902839831940724
5.856622653722782
5.810257936648126
5.7637687084930285
5.717178959179816
5.670513624364466
5.623798564427911
5.577060538848535
5.5303271759702515
5.483626938218493
5.4369890828539305
5.390443618391197
5.34402125684683
5.297753362016544
5.251671894016442
5.205809350355484
5.1601987038296375
5.114873337607621
5.069866977747215
5.025213623662284
4.980947476817357
4.937102868096769
4.893714184251933
4.8508157938421546
4.8084419730842916
4.766626832021617
4.725404241412876
4.684807760728042
4.644870567619299
4.605625389212539
4.567104435538266
4.5293393353905875
4.4923610749209395
4.456199938874377
4.420885455431078
4.3864463437442485
4.352910465063697
4.320304777182703
4.288655292274436
4.257987038088078
4.228324022433009
4.1996892008381845
4.172104447235038
4.145590527474267
4.1201670754522715
4.095852571590199
4.072664323379122
4.050618447678102
4.029729854390542
4.0100122313882345
3.9914780297484693
3.9741384496592596
3.958003426042558
3.943081613709639
3.929380371602724
3.9169057457109506
3.9056624502490562
3.8956538466885204
3.8868819202343685
3.879347253344023
3.873048995888206
3.8679848315564906
3.8641509401104326
3.861541955084972
3.860150916631851
3.8599692184771257
3.860986550091017
3.8631908315249315
3.8665681419727154
3.8711026408460727
3.87677648081759
3.8835697120749995
3.8914601768984127
3.9004233935058807
3.9104324279034897
3.921457752217146
3.9334670876630202
3.9464252299212643
3.9602938541984756
3.9750312966806756
3.990592308308125
4.00692777637422
4.0239844070900554
4.041704363144724
4.060024846477482
4.078877615729945
4.098188424688543
4.117876364384675
4.137853086242791
4.158021875801898
4.178276534281846
4.19850000536862
4.218562651018386
4.238320021226837
4.25760985511151
4.276247843505083
4.29402125619978
4.310678570285644
4.325910725628446
4.339311619586518
4.350268516430623
4.357303199976611
4.360070133523032
4.3604893951405
4.359372878555286
4.357254562864624
4.354504608159596
4.351400154236613
4.348174772317791
4.345023538649954
4.342111751689168
4.339580890533298
4.337552967052226
4.336133829823995
4.335415746956367
4.335479472208787
4.336395936951414
4.338227665254904
4.341029985219919
4.344852094377908
4.349738029591877
4.355727591847946
4.362857286165519
4.37116136472701
4.380673130765941
4.391426846445526
4.403461132362715
4.416825484289253
4.431639752339064
4.447892916122239
4.465499882749159
4.484442688851188
4.504737724042436
4.526480336734042
4.549539358357007
4.573747521354766
4.598955184444396
4.62490986553174
4.651786582104181
4.679631836846472
4.708461558868191
4.738278645330895
4.769078297766986
4.800850558249358
4.83358156874646
4.867254263274617
4.9018487782758395
4.937342707493361
4.973711264160979
5.010927383011755
5.048961780077885
5.08778298040718
5.127357319624519
5.16764892314843
5.208619666084896
5.250229116952063
5.29243446914359
5.335190465109808
5.378449319255537
5.422160646093119
5.4662713998029355
5.510725830030681
5.555465455372589
5.60042905337286
5.645552660734744
5.690769574226958
5.736010339466617
5.781202712715638
5.8262715797464395
5.871138815517048
5.915723068614401
5.959939455257715
6.003699150108578
6.046908868757822
6.089470260796315
6.131279310300323
6.172226101233379
6.212196228533942
6.251097641274241
6.288782225399602
6.324939474071006
6.359255462274641
6.391320443589015
6.420395684831101
6.44539042307934
6.467291545633635
6.486591743101984
6.503374209125742
6.517995795943117
6.530702888585413
6.541644496731422
6.550921318025408
6.558594469037628
6.5646816332023725
6.569115031457859
6.571567339160865
6.572339018764984
6.57167756989243
6.569726934547165
6.566593406390121
6.562360475793115
6.557095474947333
6.55085326100669
6.5436785264886
6.535607370579396
6.526668430589302
6.516883732905634
6.506269356650092
6.4948359689710955
6.482589273068033
6.469530396521791
6.45565624598603
6.440959845953545
6.4254306801032035
6.40905505137753
6.391816475577326
6.373696120733506
6.354673299916408
6.334726017445337
6.313831557062794
6.29196708595543
6.269110232478928
6.245239581417051
6.220335022026006
6.194377882047628
6.167350782559751
6.139237140153975
6.110020214783706
6.079681507670128
6.048198090593083
6.015537858192848
5.981649814988609
5.946435485742296
5.909600892060595
5.871073888257184
5.831369352491272
5.790770080848759
5.749469341582052
5.707627235403142
5.6653855303203615
5.622874440883745
5.580216406204983
5.537528484804418
5.494924057129156
5.4525141991617065
5.410408964543489
5.368718789983166
5.327556301443959
5.287039006621362
5.24729394821038
5.208467349700186
5.170752458145697
5.13454379441159
5.099886314876968
5.066444995540334
5.034104834089206
5.002806618525632
4.97251576835277
4.943211550822982
4.914881914088614
4.887520594657336
4.861125331125033
4.835696683515658
4.811237212854227
4.7877508887791596
4.765242648693625
4.743718061627688
4.723183066815045
4.7036437670349915
4.685106263026043
4.667576519314346
4.651060254486307
4.635562850855702
4.621089279160274
4.607644036644704
4.595231094537126
4.583853854448601
4.573515111774623
4.564217025071485
4.555961090513382
4.548748120708802
4.54257822729291
4.537450806823044
4.533364529595488
4.5303173310763265
4.528306405701908
4.527328202857176
4.5273784248857165
4.52845202694504
4.530543219105673
4.533645469474515
4.537751509886702
4.542853343004162
4.548942251311837
4.556008807978012
4.56404288963894
4.573033691181662
4.58296974261197
4.593838928105349
4.605628507348932
4.618325139291273
4.63191490842504
4.646383353735085
4.661715500452084
4.677895894763467
4.694908641605549
4.712737445785865
4.731365656486372
4.750776315432468
4.770952208885814
4.791875923687376
4.8135299075925335
4.835896534169483
4.858958172569066
4.882697262521591
4.9070963949767945
4.932138398880915
4.957806434685756
4.984084095316344
5.010955515496453
5.038405490429448
5.066419606064896
5.094984380829175
5.124087423891005
5.153717611227818
5.183865284664748
5.214522479785998
5.2456831911744
5.277343687085145
5.309502891304674
5.342162858956462
5.375329387964238
5.409012833866548
5.443229243535267
5.478002018199314
5.513364523020423
5.54936457454236
5.586073288608232
5.6236073067357095
5.662248295822651
5.702248554944599
5.743158501879919
5.7847681448655885
5.826946277232096
5.86959440771067
5.912638382626002
5.95603925025645
5.999686932916379
6.043464748312127
6.0872704962623425
6.130996950511926
6.174513999467034
6.217567434652057
6.260052709066467
6.302239207248027
6.344209718253241
6.386009581424142
6.427664997581214
6.469191079764393
6.510595589606124
6.551880971652145
6.593045580366689
6.634084475248083
6.6749899647250714
6.715751994409103
6.756358433860383
6.796795294140006
6.837046896068371
6.877096001678887
6.916923917122892
6.956510570994325
6.9958345719305175
7.034873245640224
7.073602651389557
7.11199757626633
7.1500315042305385
7.187676555321149
7.224903388251416
7.261681056635049
7.297976804676079
7.333755781355649
7.368980641212603
7.4036109814458495
7.43760253270255
7.470905960469531
7.503465016509042
7.535213522689322
7.566070117376858
7.595928571510228
7.624642846627641
7.652049294228702
7.678123770439893
7.7029982588625225
7.726809116677882
7.74966130509715
7.771636011704178
7.792797876773761
7.813199492004728
7.8328842400630645
7.851888182471878
7.870241379208011
7.887968850410118
7.905091303818608
7.921625698740732
7.937585694376108
7.952982011408686
7.967822726617068
7.982113513673089
7.995857838978745
8.009057118359992
8.021710838172137
8.033816642530748
8.045370386709758
8.05636615502022
8.0667962394557
8.076651072740589
8.085919105613224
8.094586612689639
8.102637401272272
8.110052382969617
8.116808938164006
8.122879948369144
8.128232251894161
8.132823989102857
8.136599468951353
8.13947720737227
8.141303910717063
8.141790495777737
8.141246526854552
8.139823997451455
8.137610475272451
8.134668651680997
8.131047426530206
8.126786596448982
8.121919141896429
8.116472354677548
8.110468229106951
8.103923175132433
8.096846751163824
8.089238132609392
8.081071391890363
8.07225398489554
8.062850905788423
8.0530085850362
8.042810363075661
8.032322186705557
8.021604269144266
8.010715394553046
7.999713370029146
7.988645767580035
7.977529249866632
7.966346075847567
7.95506528987204
7.943656655827295
7.932092956375953
7.920348844874803
7.908399270863862
7.89621784526413
7.883774818482862
7.87103381544666
7.857944590032111
7.844402684321896
7.830281588568445
7.815739568906951
7.800870431278452
7.78572537135558
7.770341064348809
7.7547470398007
7.738968803941734
7.723029574305571
7.706951398484428
7.69075594727089
7.674465112852792
7.65810147818947
7.641688696640511
7.625251812480727
7.608817557136749
7.592414674510141
7.576074377080296
7.559831188712257
7.543725214580669
7.527811756186992
7.512155736600386
7.496752229356533
7.481600791021824
7.4667185400326295
7.452129680233943
7.437864305113264
7.423960493961495
7.410474961020157
7.397513444342234
7.38503610965676
7.372988481556822
7.361356497654008
7.3501370539779245
7.33933298993791
7.328951277502666
7.319002537240312
7.3095017886274425
7.300476789710207
7.291961262356223
7.283925248658041
7.27635851116319
7.269259638420763
7.262631016154724
7.256468764810537
7.250769370259701
7.245531456218094
7.240753924970045
7.236435451676321
7.232574253456779
7.229167918755399
7.226213259423653
7.223706172952593
7.221641506165941
7.220012912604185
7.218812693841485
7.21803161194671
7.217658653605829
7.217680713660499
7.21808213982462
7.21884402268691
7.219942971792571
7.221348719667482
7.223017860881164
7.224852654862762
7.2268099425260655
7.228976374358032
7.2313885363875965
7.234065460268859
7.237019824752075
7.240261474900361
7.243799210786346
7.247642093458797
7.2518007088030325
7.256288731793992
7.261125357841653
7.266340209806703
7.271990711536894
7.278196302290971
7.284870306403973
7.291946277507453
7.29939686519428
7.307209809217446
7.315385377378409
7.323941244467997
7.332948664130021
7.342419347544739
7.352250311680002
7.362394961708192
7.37282371887309
7.383514614882581
7.394450166657716
7.405615759288079
7.4169986348364825
7.428587182668375
7.440370402988407
7.4523374806864116
7.4644774347069
7.476778821562673
7.489229478601831
7.501816296054431
7.5145250102512415
7.527340009636902
7.540244147763378
7.553218556287733
7.566242450834789
7.579292921063667
7.592344693030241
7.605369844329358
7.618337432461132
7.631212945309226
7.6439574895750715
7.6565276379875655
7.668876676665215
7.6809525332817525
7.692694393770111
7.704030099190221
7.714871810956386
7.725107541978508
7.7345818792845265
7.743029883149234
7.749870323172709
7.755488170772424
7.760248578668056
7.76432332805196
7.767830368095367
7.770860402607141
7.773487530198924
7.775774593233956
7.777776240820513
7.779540837654476
7.781111726047198
7.782528096759903
7.783825611105605
7.78503687000655
7.7861918772502205
7.787318700100258
7.788442301565436
7.789584293276523
7.790764778911709
7.792002066857141
7.793312527489721
7.794710579545752
7.796208678749714
7.797817285177792
7.799544796424627
7.8013974311757295
7.803379072628575
7.805491112765258
7.807732093810172
7.810099156823699
7.8125903427734436
7.815200481847679
7.817920306750854
7.820736840534916
7.823633195650189
7.826588083070652
7.829575113118901
7.832561845892312
7.835508491886973
7.838366101144794
7.84107397526621
7.843555836203455
7.845713849927424
7.847418500365395
7.848488868991868
7.84864257607777
7.847213629381438
7.843814639962932
7.839307117924928
7.834050489487617
7.828257744153598
7.822079098518373
7.81562868461422
7.8089971604234005
7.802258849889096
7.795476225166088
7.788702899939865
7.78198570694276
7.77536617684828
7.768881611535762
7.762565871496604
7.75644996355407
7.750562481959255
7.744929943409623
7.739577043690233
7.734526856031189
7.729800985828784
7.725419692535958
7.721401986787174
7.7177657088488125
7.7145275930509225
7.711703321804464
7.709307572032095
7.7073540562655065
7.705855560247596
7.70482397847776
7.704270349167123
7.704204889471394
7.704637032205472
7.705575464913986
7.707028172246588
7.709002482599051
7.711505120051308
7.714542262754786
7.718119609105113
7.722242453301376
7.726915772268549
7.732144326452072
7.737932777754697
7.744285828992465
7.7512083909237495
7.75870578516395
7.766783995936873
7.775449988757338
7.784712126045217
7.794580727905721
7.80506886219568
7.816193520349788
7.827977498181547
7.840452722415713
7.853667117853897
7.867703536839928
7.882788666009316
7.898938604763563
7.91586772858218
7.933446830114076
7.9515856468175645
7.970211089726924
7.98925978378753
8.00867456856526
8.02840257209366
8.048394037912882
8.068601557793517
8.088979541380713
8.109483832313103
8.130071418416328
8.150700203470443
8.171328818980866
8.191916460493294
8.212422736263015
8.232807517449741
8.253030778803028
8.273052416659304
8.29283202880288
8.312328627206163
8.331500249353903
8.350303395652814
8.36869216582463
8.386616824726755
8.404021142299873
8.420836297978711
8.436955146943031
8.452185296330967
8.466584981510856
8.480301239152096
8.493392227891318
8.505890046755598
8.517815103314044
8.529180676966789
8.539995098273641
8.550262931530593
8.559985645339207
8.569161981066229
8.577788119751213
8.585857696535397
8.59336168365211
8.600288144540553
8.606621846039458
8.612343698336156
8.617429968446412
8.6218511745401
8.625570499532042
8.62854142671732
8.630704003795751
8.631978400443948
8.632252169338386
8.631348060512199
8.628849820471759
8.624408014293387
8.61868912521023
8.611982412303039
8.604461989534876
8.596252643816646
8.587450724762608
8.5781337411631
8.568365722176999
8.558200626366748
8.547684723469862
8.536858368008081
8.525757359849246
8.514413980868957
8.50285775392377
8.4911159635719
8.47921398790733
8.467175497735672
8.455022576779312
8.442775804195563
8.430454325176115
8.418075921994898
8.405657088901446
8.393213109474372
8.380758133140354
8.368305247190072
8.35586654081664
8.343453157870561
8.331075334802584
8.318742419391146
8.30646286352949
8.294244180286348
8.282092846472652
8.270014118412064
8.258011695595256
8.246087090434326
8.234238346509178
8.222456821163794
8.210711733261432
8.19892955072066
8.18719208348654
8.1756242840594
8.16435879293136
8.153387438517775
8.142680202485305
8.132237932121285
8.122068455103266
8.112183050796292
8.102595239246753
8.093320387671781
8.084375730614306
8.075780750489738
8.067558110676089
8.059735939616623
8.052357677519597
8.04549578129441
8.039121347960233
8.03320467625019
8.027737294780138
8.022716455534852
8.018142069183037
8.014015569361645
8.01033937040759
8.007116596586641
8.004350974143966
8.002046860442826
8.00020946436819
7.998845528624223
7.997965457407058
7.997581385274305
7.99769322322965
7.998302859379032
7.999422339982191
8.001094642964953
8.003318327849398
8.006039745523692
8.009220622305323
8.01283145899724
8.0168481849753
8.02124867676644
8.02601128902073
8.031113913847554
8.036533067788485
8.042242642165018
8.04821153877669
8.054396040924907
8.060711298742572
8.06715150385069
8.07377680198291
8.080607697909654
8.087653075683658
8.094916900896008
8.102400269287678
8.110102369495598
8.118021021975789
8.126153011629793
8.134494312200607
8.1430402454314
8.151785600776028
8.160724729600544
8.16985162243765
8.179159974698146
8.188643244355449
8.198294703935508
8.208107488369269
8.218074639734752
8.228189149537702
8.238443998898928
8.24883219680014
8.259346816364065
8.269981029044294
8.280728136380525
8.291581599089113
8.302535063006413
8.313582381504418
8.32471763396431
8.335935139940691
8.347229468721387
8.35859544408812
8.370028144207069
8.38152289671796
8.393075269236874
8.404681055631611
8.416336258559605
8.428037068868209
8.439779842610537
8.451561075983633
8.463377380002475
8.475225454231257
8.487102061327112
8.49900400260491
8.510928095245195
8.522871151607003
8.53482996101288
8.546801274279945
8.558781791182199
8.570768150948142
8.582756925826367
8.594744617690576
8.606727657605141
8.618702408231778
8.63066516896372
8.642612183396068
8.654539649488886
8.666443731501905
8.678320574040697
8.69016631779711
8.701977116821386
8.713749157132987
8.72547867648416
8.737161985098579
8.748795487216235
8.76037570328496
8.771899292648065
8.783363076586536
8.794764061582525
8.806099462678795
8.817366726534976
8.828563555754767
8.839687930162322
8.850738130550544
8.861712760588873
8.872610768490686
8.883431468080623
8.89417455919613
8.904840147377346
8.91542876282986
8.925941378692508
8.936379428716236
8.946744824574697
8.957039973203681
8.967267794838802
8.977431742841189
8.987535827079748
8.997584643487102
9.007583414581001
9.01753804750686
9.02745522152842
9.037342524087151
9.047208668794445
9.057063855773764
9.066920391097545
9.07679381197976
9.08670511111929
9.096685806259249
9.106792077534664
9.117197222123728
9.1278363979403
9.138495005763986
9.149055086609922
9.159412461827909
9.169459595754585
9.179072298770764
9.188087553255535
9.196220450162558
9.20303496283884
9.208936757382876
9.21409763229639
9.218601881536777
9.222499558067142
9.225821978536219
9.228588084940041
9.230805860271955
9.232471753623393
9.23358205032596
9.234106590739065
9.233963511262637
9.233245581168191
9.232009917107098
9.230285531383153
9.228090408247096
9.225435882334972
9.222328428556132
9.218770503218172
9.214760874433331
9.210294558044097
9.205362301899752
9.199949328032819
9.194032384650718
9.187569569838926
9.18045700400605
9.172695029331251
9.164391872649656
9.15559801686921
9.146345213341053
9.13665751861928
9.126554444206958
9.116052400705744
9.105165475730427
9.093905882028812
9.082284215928775
9.070309590482045
9.057989671974758
9.045330627121919
9.0323369699881
9.019011273784283
9.005353669066038
8.991360949674945
8.977024821518599
8.962327512220567
8.94721910863223
8.931638091463775
8.915666820136178
8.89936670192863
8.882774901678076
8.865921676444797
8.84883390216869
8.83153644125915
8.814052817761489
8.796405570567927
8.778616415504274
8.760706279495308
8.742695365709327
8.724603718793169
8.706452323747232
8.688263168546728
8.670058196937902
8.651858787330578
8.633685795981847
8.615559687401781
8.597500619931242
8.579528494015264
8.561662983058456
8.543923559948801
8.526329528189304
8.50890006647242
8.491654299658352
8.474611420614579
8.457790918732087
8.441213096632934
8.424900991217724
8.408886284572517
8.393187708947519
8.377796354449545
8.362713957018695
8.347946868306511
8.333502802055051
8.31939006855566
8.305617211349684
8.292192796120537
8.2791252737478
8.26642288390883
8.254093582885515
8.242144986861364
8.230584325724339
8.219418404337489
8.208653569594441
8.198295681539038
8.188350088427788
8.178821604691493
8.169714491647959
8.16103244069738
8.152778558849409
8.14495535648937
8.13756473733222
8.130607990542472
8.124085785020117
8.11799816586839
8.11234455307227
8.107123742426861
8.102333908764802
8.097972611516562
8.09403680282685
8.090522837932289
8.087426488409724
8.084742958044318
8.082466901628235
8.080592446867378
8.079113219656588
8.078022373062153
8.0773126204579
8.076976273409816
8.077005285112653
8.077391300479084
8.078125714413385
8.079199740441915
8.080604492847458
8.082331086947635
8.084370764903568
8.086715057891055
8.089356004287776
8.09228645658885
8.095500540126695
8.09899439442032
8.102767509642417
8.106825578842065
8.11118846235223
8.115936776799268
8.12102198847658
8.12633485943836
8.131817453447216
8.137424417849715
8.143116283082021
8.14885687273151
8.154611965329208
8.16034845213064
8.16603371062265
8.171635058286698
8.17711920094777
8.182451599706042
8.187595663049624
8.192511617809178
8.197154787877231
8.201472700137467
8.205399538772888
8.208843016201975
8.211628626695614
8.213448290601871
8.214633021429108
8.215389724959602
8.215826113234337
8.216016914342978
8.216019235968044
8.215879253600331
8.215635880960605
8.21532312711905
8.214971838842374
8.214611204347358
8.214270319717365
8.213980234031391
8.213777445930356
8.213713264088916
8.213888123952088
8.214376589965696
8.215041015368744
8.215817532374972
8.216660476010533
8.217529025759424
8.218381515350536
8.219168288086093
8.219809627080325
8.220162150222976
8.220322524572918
8.220383464966432
8.220386929993087
8.220361142235163
8.220327472195121
8.220303155961354
8.220302660223819
8.22033846125745
8.220421528286549
8.22056164186307
8.220767613089793
8.221047440269821
8.221408423831374
8.221857252984178
8.222400072447895
8.223042534913835
8.223789843105147
8.224646784143752
8.225617758154723
8.226706802501877
8.227917612667941
8.229253560517712
8.230717710479881
8.232312834031681
8.234041422756418
8.235905700162585
8.237907632355933
8.240048937703294
8.242331095445294
8.244755353336132
8.247322734298995
8.250034042109913
8.252889866125969
8.255890585086387
8.259036370031883
8.262327186407383
8.265762795434528
8.269342754861494
8.27306641921772
8.276932939718685
8.280941263980687
8.285090135716883
8.289378094589965
8.29380347641175
8.29836441385768
8.303058837886644
8.307884480033575
8.312838875741425
8.317919368889862
8.323123117669605
8.328447101944041
8.333888132234335
8.33944286046251
8.345107792590031
8.350879303300308
8.356753652894916
8.362727006610486
8.368795456662241
8.374955047148138
8.381201802905924
8.387531762322645
8.393941015843776
8.400425751828134
8.406982312925876
8.413607268545656
8.420297514028027
8.427050418655934
8.433864072081379
8.44073773070193
8.447673011663765
8.454683708184687
8.461754777143778
8.468871453691989
8.476025417983037
8.483210148489421
8.490420334611201
8.497651609421062
8.504900437738417
8.512164078190613
8.519440586981913
8.526728850566553
8.53402864317863
8.541340710473936
8.548666885315303
8.556010247941792
8.563375352997555
8.570768565435635
8.578198589424536
8.585677378670018
8.593221927109573
8.600858421111983
8.60864388398623
8.616645324210408
8.62476414372323
8.63296531494713
8.641224919545596
8.649524224401397
8.657846296879102
8.666173131228565
8.674477592901535
8.682708995042143
8.690905880194064
8.69911450846115
8.70735676781689
8.7156476390705
8.723998896151091
8.732420558108688
8.740921725213544
8.749511193529077
8.758198015317056
8.766992125936083
8.775905176299947
8.784951813446893
8.794151959029858
8.803535694802052
8.813158161662106
8.823173549050969
8.833517781553185
8.844022952093914
8.85460397560996
8.865193795470606
8.875731276398202
8.886155306849435
8.896398990660835
8.906377700761901
8.91595278929835
8.925147127601319
8.93393581360715
8.942208209048152
8.949883270993606
8.95710644390599
8.963950457030222
8.97045311130544
8.976639980543105
8.982530016893561
8.98813804440514
8.993476117692236
8.998554345781985
9.003381428232245
9.007965022286813
9.012312003737708
9.016428657829108
9.020320822056199
9.023993994850489
9.0274534193977
9.03070414890075
9.033751097713807
9.036599081521747
9.039252848887134
9.04171710589327
9.04399653519002
9.046095810444562
9.04801960697567
9.049772609196234
9.051359515276639
9.05278503960843
9.054053913134506
9.055170881995016
9.056140704625369
9.056968147492132
9.05765797960506
9.058214965910118
9.058643859633003
9.058949393600997
9.05913627051493
9.059209152056026
9.059172646549456
9.059031294524694
9.058789550425262
9.05845175530927
9.058022081521095
9.057504394141503
9.056902079397195
9.056218917034478
9.05545979238001
9.054629408553216
9.053732020306892
9.052771576235287
9.051751771528707
9.050676062418905
9.049547665770447
9.048369550520725
9.047144423778814
9.045874712813891
9.044562543313074
9.043209713785409
9.04181766576162
9.040387448906591
9.038919680348325
9.037414496762008
9.035871497591119
9.034289677108369
9.0326673421682
9.03100201119994
9.029290287960723
9.027527700292103
9.02570848862595
9.023825319307111
9.021868879738141
9.019827276038317
9.017685073386737
9.015421614814452
9.013007618419692
9.010396243720018
9.007471747419745
9.00417466384517
9.00067208606547
8.997034649128322
8.993306299829978
8.989519198007972
8.985698679255488
8.9818655765914
8.978037520933238
8.974229760504699
8.970455726916303
8.96672746267667
8.963055982899302
8.95945164708887
8.95592472577304
8.952486861449655
8.949153113272892
8.945929997902718
8.942812286135357
8.939798008363415
8.93688732411606
8.934080907040297
8.931379517203823
8.928783854604582
8.926294495053686
8.923911861869767
8.921636219213706
8.919467684362548
8.917406264801686
8.915451938955638
8.913604827497293
8.911865545381666
8.910235768913124
8.908728352797388
8.907352342108112
8.906061133500225
8.904827148550023
8.903616973156685
8.90237714594702
8.900979755187139
8.899473110715936
8.897980489020679
8.896562501676282
8.895266149104016
8.89413444427111
8.893211501299389
8.892548593106358
8.8922194461615
8.8923843241321
8.892957686176144
8.893833543630516
8.894966450932014
8.89632717470475
8.897894500386164
8.899652028892858
8.901586576594676
8.9036872592214
8.905944917773224
8.908351734317028
8.910900961413093
8.913586723504414
8.916403865953008
8.91934783684
8.92241459186419
8.925600516160385
8.928902358622675
8.932317175774132
8.93584228304219
8.939475211897085
8.943213671722098
8.947055515575613
8.95099870921462
8.955041302902101
8.959181405633384
8.96341716150035
8.967746727975182
8.972168255942597
8.97667987133352
8.981279658321291
8.985965643818032
8.990735783429312
8.995587948630723
9.00051991518041
9.00552935270554
9.010613815414727
9.015770733889157
9.02099740790403
9.026291000229385
9.031648531355051
9.037066875078848
9.042542754889501
9.04807274106642
9.053653248406695
9.059280534540775
9.064950698319999
9.070659679120762
9.07640325557092
9.08217704448432
9.087976499351852
9.093796908143958
9.099633390035953
9.10548089056565
9.111334174595095
9.117187816259474
9.123036184823034
9.128873424986686
9.134693429646193
9.14048980228469
9.146255804931116
9.151984285616324
9.15766757604745
9.16329734431122
9.168864377373671
9.174358247285571
9.179766771081926
9.18507506661456
9.190263692436618
9.195304164045817
9.20013876110286
9.20467501696634
9.209027855880509
9.21325996152403
9.217408351147512
9.221500964057066
9.225561058868273
9.229609132669225
9.233663968828571
9.237743302223242
9.241864298182715
9.246043943790559
9.250299411382933
9.254648443640736
9.259109817205823
9.263703973663885
9.268453991877589
9.273387319045488
9.278539587846652
9.283970060217596
9.289788095606182
9.295933520426976
9.302339807240024
9.308982236916425
9.315849040532797
9.322937717736586
9.33025887740301
9.337858038459219
9.345693034557064
9.353709915217582
9.361880715375094
9.370184765571555
9.378605195411923
9.38712748958774
9.395738717182248
9.404427058812589
9.413181489915207
9.421991555800417
9.43084720534545
9.439738664569312
9.448656339174944
9.457590737752344
9.466532412071802
9.475471909968634
9.484399738654982
9.493306336431807
9.502182051254076
9.511017124888056
9.519801681599457
9.528525720447883
9.537179110351472
9.545751587133177
9.554232751770089
9.562612069039014
9.570878865680383
9.579022327092906
9.587031491280925
9.594895238777744
9.602602276359434
9.610141112197814
9.617500018844925
9.624666979019233
9.631629606717699
9.638375032118223
9.64488973163279
9.651159271265502
9.657167904798609
9.662897907842442
9.668328364918718
9.673432573765709
9.67817110826338
9.682458462570983
9.686235519667056
9.689615571208439
9.692669409125138
9.69544006857302
9.697958657115503
9.700250512067356
9.702337486675352
9.704239076490312
9.705973082736039
9.707556044043322
9.709003538148098
9.710330406734094
9.711550934855692
9.712679006036563
9.713728249923237
9.71471219975654
9.715644482757057
9.716539083783786
9.717410766570936
9.71827586871056
9.719153978333988
9.720064503367446
9.721003014027655
9.721958748806577
9.722927429461704
9.723907439905682
9.724898218874364
9.725899643741641
9.726911742718768
9.727934543327734
9.728967987067755
9.730011879937788
9.731065864075276
9.732129402437762
9.7332017722355
9.734282064206422
9.73536918607458
9.73646186904114
9.737558676531947
9.738658014656078
9.73975814398045
9.740857192326327
9.7419531683624
9.743043975817077
9.744127428166093
9.745201263675447
9.7462631606965
9.747310753110735
9.748341645908049
9.749353430654148
9.750343700992786
9.751310067944717
9.752250174994137
9.753161712875059
9.754042433976544
9.754890166279651
9.755702826730175
9.756478433939243
9.75721512008774
9.757911141888417
9.7585648904295
9.759174899681929
9.759739853394247
9.760258590064378
9.760730105222166
9.761153551090475
9.761528231742398
9.761853593151677
9.762129205868481
9.762354737319619
9.762529908842115
9.762654429228371
9.76272789014346
9.762749595363472
9.762718264558073
9.76263146766422
9.762484353304547
9.762265228708408
9.761937975825335
9.761528374835361
9.761084464048169
9.76063315886014
9.760196433191442
9.759794580605302
9.759447713962512
9.759177007784487
9.759006349645805
9.758964713204278
9.759136201917853
9.759457715876522
9.759919333372618
9.760516872466633
9.761250069465476
9.762121172415853
9.763134269617192
9.764295069071208
9.765610971639303
9.767091434238425
9.768748790241554
9.770600051911803
9.77267194388745
9.77502893678646
9.777707005090408
9.780614304192584
9.78370753468634
9.786959764573874
9.790350380266252
9.793862256310707
9.797480458742486
9.801191532643346
9.804983063244336
9.808843381773741
9.812761354119306
9.816726219128869
9.820727456950497
9.824754674761513
9.828797500620318
9.832845477542655
9.836887949641628
9.840913930106945
9.844911935928696
9.84886976393749
9.852774159939694
9.856610276795145
9.860360653529979
9.864002772379614
9.86749736032025
9.870793596439224
9.873934576713255
9.876941772768077
9.879823833394607
9.882585172496297
9.885227931452533
9.887752795470325
9.890159395382796
9.892446516951258
9.894612205888444
9.896653814557064
9.898568056131396
9.900351039487543
9.901998064301601
9.903503319568568
9.904859573763058
9.906057689570634
9.90708575107865
9.907927309979058
9.9085568917003
9.908914670213095
9.908959674513278
9.90877274190254
9.908387368796074
9.907823669961878
9.90709697373546
9.906219958194683
9.905203647490735
9.904057968882027
9.902792093404399
9.901414658114486
9.899933918521498
9.898357857537697
9.896694265550286
9.89495080215269
9.89313504367858
9.89125452179293
9.889316755358262
9.887329277653844
9.885299660459435
9.883235536213846
9.88114461928123
9.879034727275048
9.87691380338809
9.874789940756125
9.872671410053615
9.870566691807815
9.8684845153676
9.86643390715344
9.864424251880742
9.862465372122193
9.860567634308982
9.858742093890942
9.857000700655165
9.855356601010186
9.853824606901044
9.852421977382432
9.851169866587103
9.85009651566487
9.849248057310966
9.848729129328918
9.848492312002831
9.84845701917882
9.848588871722852
9.84886544122809
9.849270234802388
9.849790391855796
9.850415537542998
9.851137126134827
9.851948028897374
9.852842257957551
9.853814771902577
9.85486133349934
9.855978402260158
9.857163051250357
9.858412901365025
9.859726068622374
9.861101121495414
9.862537046291035
9.86403321929492
9.865589384973037
9.867205640020789
9.868882423666754
9.870620514830042
9.872421035764656
9.874285455536835
9.876215573989187
9.87821347709713
9.880281524765605
9.882422431438432
9.884639380163128
9.886936118216417
9.889317057207531
9.891787411785648
9.894353406022011
9.897022589249033
9.8998043433618
9.902710767199455
9.905758439292981
9.9089729197187
9.912413512066308
9.916124006278562
9.920020949363668
9.924067425747289
9.92823959032046
9.932518764111657
9.936888960511668
9.941335762907052
9.945845702746956
9.950405859141302
9.955003560613822
9.95962612273327
9.964260567616215
9.968893252143214
9.973509247240997
9.978090891129119
9.98261122945973
9.987034043208194
9.991376050718827
9.995652162598551
9.999865846029808
9.995984301752417
9.991901307637148
9.987887147209825
9.983944244517351
9.980075204088992
9.976282598962891
9.97256879941303
9.968929838184327
9.965368345451047
9.961899269536193
9.95852953562918
9.95526559782952
9.952113547125736
9.949079177150637
9.946168046673755
9.94338552094667
9.94073679809773
9.938226927449062
9.935860824160583
9.933643282916952
9.931578992490339
9.929672552614218
9.927928494495827
9.926351306382337
9.92494546592661
9.923715481383306
9.922665944674819
9.921801600345514
9.921127438704767
9.920648861378647
9.9203721378082
9.92030369918242
9.920451005390921
9.920823483032498
9.92143333893729
9.922297587261088
9.923443155219267
9.924934077151821
9.92683836584691
9.92903608760717
9.93146281789228
9.934080635263115
9.936861222675095
9.939781667576352
9.942822580383034
9.945967070816211
9.949200123853482
9.952508187747354
9.955878885200022
9.959300800877083
9.962763318504656
9.966256491176408
9.969770934197944
9.973297733036734
9.976828360778814
9.980354600428594
9.983868467638514
9.98736212906832
9.990827810322052
9.994257684890412
9.997643730550438
9.999022565927337
9.995751838892403
9.992554841436874
9.989444189903722
9.98643882799675
9.983561753420895
9.980823899661447
9.978265768690795
9.97592107117222
9.973675776063272
9.971444994555306
9.969169746058203
9.96689229542707
9.964622987908081
9.962364490583886
9.960116957043056
9.957879500833554
9.955650779130332
9.953429268185646
9.951213408021143
9.94900168386553
9.94679267397679
9.944585078254859
9.942377735210684
9.940169631520572
9.9379599066569
9.935747854128815
9.933532920334073
9.931314701644936
9.929092940230188
9.926867518902835
9.924638455246281
9.922405895197215
9.920170106225047
9.91793147021867
9.91569047617001
9.913447712727738
9.911203860682324
9.908959685433961
9.906716029487292
9.904473805010733
9.902233986493066
9.899997603794247
9.897765734005679
9.895539496165162
9.893320043483465
9.891108557120244
9.888906239917038
9.886714310368731
9.884533996845633
9.882366532076812
9.880213147904271
9.878075070316394
9.875953514768067
9.873849681794137
9.871764752921937
9.869699886888
9.867656216163429
9.865634843788548
9.863636840540188
9.861663242384685
9.859715048286082
9.857793218321682
9.855898672127239
9.854032287670371
9.852194900353995
9.850387302451463
9.84861024287503
9.846864427279218
9.845150518500688
9.843469137336259
9.841820863660836
9.84020623788722
9.838625762770022
9.837079905576473
9.835569100506339
9.834093751668432
9.83265423621348
9.831250907935132
9.829884101226012
9.828554135421507
9.827261319547825
9.826005957496811
9.824788353658295
9.823608819052339
9.822467678020319
9.821365275557413
9.820301985403667
9.819278219061882
9.81829443598752
9.817351155314475
9.8164489696584
9.81558856184773
9.814770725874597
9.813996394151479
9.813266674411038
9.812582901703342
9.811946714516141
9.811360170352456
9.810825928744109
9.81034756282962
9.80993018700373
9.809582402388038
9.809326577826834
9.809142162903257
9.808985200473842
9.808885991436217
9.808871630508179
9.808966748048459
9.809215753959833
9.809651281623417
9.810220410364588
9.810903954265072
9.81169114427667
9.812574902650892
9.813550200906212
9.814613323169606
9.815761475217297
9.816992555662775
9.818305014661748
9.819697765595055
9.821170132793553
9.82272182756523
9.824352950932209
9.826064027904298
9.827856087941068
9.829730830319821
9.831691006185935
9.833741796440625
9.835895088457692
9.838155063790738
9.840507997097
9.842945183778506
9.845461548629709
9.848053257280576
9.850717118857158
9.853450356958959
9.856250490182676
9.859115261315155
9.862042592634822
9.865030556162939
9.868077354103477
9.87118130606503
9.874340841943228
9.877554500292621
9.88082093336413
9.884138921968722
9.887507407085106
9.890925553505959
9.89439288274832
9.89790958298724
9.901477417894364
9.905104621918714
9.908802137270657
9.912500428336116
9.916215483454204
9.919955890767616
9.923723384780885
9.927517809270114
9.931338060101492
9.935182440277377
9.939048833737651
9.942934805843983
9.946837668656581
9.95075452699293
9.954682312834354
9.958617811999462
9.96255768525796
9.966498485142248
9.97043666918283
9.974368609869028
9.978290601894603
9.982198865415345
9.98608954640681
9.989958712212392
9.993802341437386
9.997616306001419
9.99860385309214
9.994864636167804
9.991171218100458
9.987528573915434
9.983942267677898
9.980418894083739
9.976967166623247
9.97360262245885
9.970347703094768
9.967175859495526
9.964076416849363
9.961043080706704
9.958071424646137
9.955157999400772
9.952299943449495
9.949494776823855
9.94674027825868
9.944034405657254
9.941375241091826
9.938760950458544
9.936189752057832
9.933659890432335
9.931169612810555
9.928717145905852
9.926300670753577
9.923918292742906
9.921568002262884
9.91924761962958
9.916954709845731
9.914686439529312
9.91243930408982
9.910208486453989
9.90798507980161
9.905742907403019
9.903502691259703
9.901279266246132
9.899078658546655
9.896905311763433
9.894762977378827
9.892655045305546
9.890584708074323
9.888555059212647
9.88656916950422
9.884630205220121
9.882741920732219
9.880909132980248
9.879133272454466
9.877414652199377
9.875754711575306
9.874155185488691
9.872617909147024
9.871144769387772
9.8697376790663
9.868398561468648
9.867129341510362
9.86593194202727
9.864808284449854
9.863760293912007
9.862789909631726
9.861899101880226
9.8610898985198
9.860364425556146
9.859724970224107
9.859174082979354
9.858714753774844
9.858350751857639
9.858087422840011
9.857935171611073
9.857912908206444
9.85800271151502
9.858189968710434
9.858466664093509
9.858826578421642
9.85926434520283
9.859775063732913
9.86035409747043
9.860996951845866
9.861699189798403
9.862456364930628
9.863263960217425
9.864117322837325
9.865011585139513
9.865941558103183
9.866901575233019
9.867885247020398
9.868885046460989
9.869891545967782
9.87089180616036
9.87186479940017
9.872758487193257
9.873580316469566
9.874372337173481
9.875151020661844
9.875926360963822
9.87670526844213
9.87749290829004
9.878293394607354
9.879110190510941
9.87994635034086
9.880804670995275
9.881687789129735
9.882598245275458
9.883538527246515
9.884511100261209
9.885518428350434
9.886562989989761
9.887647289910038
9.888773868790274
9.889945312117053
9.891164259987239
9.892433419861813
9.893755584978807
9.895133661985852
9.896570712526946
9.898070015321004
9.899635158523477
9.90127017883187
9.902979778787543
9.904769691062903
9.906647365723785
9.908623490339153
9.910718749908343
9.912967788902767
9.915331585954627
9.917793319652072
9.920343953573878
9.922978148049829
9.925693786752486
9.92849412572497
9.931393359716493
9.934362638580419
9.937386641627898
9.940452752299514
9.943548849206943
9.946661363250213
9.949765404671172
9.952854036576808
9.955942931931148
9.959035700529911
9.962132937230425
9.965233838578685
9.968336783521343
9.971439591567442
9.974539655368469
9.977634012315487
9.980719381098565
9.983792174553852
9.986848493185102
9.989884099456704
9.992894369133566
9.995874210964281
9.998817937498664
9.998281242939967
9.995432207709435
9.992644572691585
9.989931396558006
9.9873170226926
9.984843444950972
9.982474276571816
9.980179169374932
9.977943492727766
9.975757130541234
9.973612307048155
9.97150269932995
9.969422979311549
9.967368545791986
9.965335354199071
9.963319801928876
9.961318647697631
9.959328952888562
9.957348037784163
9.955373448146846
9.953402929328194
9.951434405861677
9.949465965193152
9.94749584455986
9.945522420297227
9.943544199034879
9.941559810372297
9.939568000717532
9.937567628040894
9.935557657346681
9.933537156705018
9.931505293715789
9.929461332300288
9.927404629758973
9.925334633878544
9.92325088039678
9.921152990284877
9.91904066717806
9.916913694772521
9.914771934186957
9.912615321267038
9.910443863815921
9.908257638737608
9.90605678908348
9.903841520995156
9.901612100539229
9.899368850431385
9.897112146648814
9.894842414930704
9.892560127172688
9.890265797679923
9.887959979363822
9.885643259763446
9.883316256969557
9.880979615404563
9.878634001444148
9.876280098851183
9.87391860397967
9.871550220689457
9.869175654889581
9.866795608597752
9.864410773362152
9.862021822835597
9.859629404213905
9.857234128140236
9.854836556520333
9.8524371874414
9.850036436077579
9.847634609816978
9.845231874994813
9.842828210967708
9.840423344360362
9.838016650605082
9.835606997679662
9.833192477447053
9.830769885162258
9.82833348284789
9.825869991116667
9.823352379796725
9.820814633201918
9.818279035571765
9.81575897212694
9.813264905256165
9.81080578056372
9.808389635124895
9.806023931870643
9.803715777668755
9.801472089562305
9.799299743302946
9.797205729181215
9.795197342483062
9.793282451372974
9.791469929095339
9.78977047135437
9.78819855374651
9.786781032964244
9.785557760274841
9.784481284800714
9.783529303996488
9.782689434396914
9.781953250519908
9.781314452199268
9.780768031090844
9.78030985826095
9.779936452604588
9.779644834292107
9.779432424596434
9.779296974461731
9.779236513044236
9.779249312430508
9.77933386900503
9.77948890688014
9.77971341356363
9.780006715884443
9.780368582280548
9.780799300840812
9.781299680656167
9.781870984655182
9.782514853083722
9.783233264549528
9.784028547918295
9.784903445127412
9.785861232599595
9.786905931733179
9.788042691602788
9.789278591220459
9.79062498557176
9.792109383429104
9.793734040868088
9.795472253003584
9.797308841073235
9.799234671504943
9.801242906302136
9.803327918578475
9.805484849718802
9.807709367939527
9.809997521286103
9.812345641592332
9.814750278354339
9.817208151346797
9.819716115604036
9.822271134904666
9.824870261306991
9.827510619115436
9.830189392174415
9.832903813724478
9.835651158257054
9.838428735029831
9.841233882865197
9.844063965923972
9.846916369746834
9.84978849606263
9.852677753767875
9.85558154489644
9.858497875922067
9.86142548142404
9.864359629885085
9.867297644201361
9.870236993467223
9.873175385137893
9.87611083845448
9.879041685627993
9.881966505540246
9.884884035300509
9.887793099632605
9.89069256873765
9.893581338286491
9.896458322325687
9.899322452624169
9.902172680866036
9.905007981915102
9.90782735734128
9.910629838868735
9.913414491623273
9.916180417152626
9.918926756233367
9.921652691493708
9.924357449894387
9.927040305063423
9.929700579636396
9.9323376475097
9.934950936183176
9.93753992923774
9.940104169079493
9.942643260126125
9.94515687268974
9.947644747931463
9.950106704457326
9.952542647449501
9.954952581800837
9.957336631806152
9.959695072194123
9.962028380390946
9.964337334316674
9.966623248952132
9.968889022976123
9.971140163775637
9.973373386415474
9.975583601219764
9.977768084192713
9.979924908832375
9.982052495459763
9.984149459757361
9.986214542934478
9.98824657190897
9.990244433467986
9.992207055681533
9.994133393141475
9.99602241403155
9.997873087717831
9.999684371904591
9.99854501325861
9.996816556543898
9.995131395032534
9.993490740485028
9.991895919183843
9.990348410837566
9.988849901284558
9.987402357606948
9.986008142699808
9.984670208327877
9.9833924938196
9.982181237103477
9.981045251817598
9.979996697258136
9.979038177001367
9.978149445595596
9.977321731941375
9.976549432126209
9.975828331005737
9.975155001576265
9.974526520487188
9.973940314604748
9.97339407720808
9.972885718063955
9.972413280424972
9.9719748515237
9.971568640304023
9.971193104135136
9.970847073608782
9.970530018356834
9.970242821471519
9.96999243183572
9.969777968922006
9.969582258375047
9.969395240548302
9.969212026004085
9.96903334937744
9.968850929678805
9.968647566538865
9.96840945700302
9.968121060103362
9.96776146339694
9.967287031595326
9.966669671591061
9.96596220291764
9.96518695170405
9.964356688044752
9.963480428499375
9.96256512750644
9.961616439035994
9.960639125348102
9.959637300931664
9.958614589091928
9.957574227970355
9.956519145333129
9.955452013091916
9.95437528815059
9.95329124373573
9.952201993936246
9.951109513297205
9.950015652751285
9.948922152801172
9.947830654610092
9.946742709520347
9.945659787285718
9.944583283395705
9.943514525622277
9.942454779977158
9.94140525619345
9.940367112820267
9.939341461995115
9.93832937393939
9.937331881206683
9.936349982700648
9.935384647468585
9.934436818268374
9.933507414899516
9.932597337283974
9.931707468256079
9.930838676178476
9.929991817021392
9.929167736342643
9.928367270808407
9.92759124937858
9.926840494124963
9.926115820678968
9.92541803831162
9.924747949655101
9.924106350081592
9.923494026761512
9.922911757429224
9.92236030888957
9.921840435303332
9.921352876293506
9.920898354905901
9.920477575540543
9.920091221730214
9.919739954046632
9.919424408012699
9.919145192141526
9.918902886143162
9.918698039352313
9.918531169431997
9.918402761410414
9.918313267112215
9.918263105051071
9.918252660858975
9.918282288340027
9.918352311254406
9.918463025963911
9.918614705132034
9.91880760255629
9.9190419598032
9.919318014582172
9.919636011843517
9.91999621836839
9.920398942287326
9.920844559792517
9.921333552860446
9.921866564823022
9.922444487058826
9.923068605529824
9.923740880098057
9.924464603308875
9.925247486978403
9.926102428737128
9.927014543595572
9.927972454854787
9.928969447295149
9.930000105778392
9.931059643168897
9.932143620512319
9.933247793556504
9.934368002975603
9.935500062554542
9.936639592171467
9.937781676800121
9.938919929647628
9.940041062345664
9.941129900349592
9.942227590213932
9.94336005548078
9.944516408010903
9.94569394127469
9.94689186182678
9.948109835729845
9.94934764541284
9.950605072173959
9.951881847686217
9.953177631656507
9.954492000922382
9.955824444168373
9.957174359712628
9.95854105514597
9.95992374819289
9.961321568442099
9.962733559735572
9.964158683081822
9.965595819999246
9.967043776252284
9.968501285871175
9.969967015502814
9.971439569001873
9.972917492260661
9.974399278249354
9.975883372242595
9.977368177207612
9.978852059327867
9.980333353634542
9.981810369716426
9.983281397476775
9.984744712903943
9.986198583820627
9.98764127557492
9.989071056617382
9.99048620402847
9.991885008695133
9.993265780441224
9.994626852809574
9.99596658755687
9.997283378801642
9.998575656783744
9.999841891194757
9.998919522716225
9.997710202448605
9.996531525269381
9.995384817563494
9.994271356961317
9.99319237276974
9.992149047416326
9.99114251928497
9.990173887564612
9.98924422041642
9.988354568535044
9.987505988511337
9.986699584970717
9.985936592935674
9.98521856285188
