9.94859750166115
9.947988050737987
9.94737111783911
9.946746600756635
9.946114370183889
9.945474322606
9.944826402348271
9.944170524078189
9.943506593698274
9.942834512976724
9.942154181070045
9.941465495136178
9.940768352523955
9.94006264914192
9.939348272464434
9.938625107283208
9.937893037620833
9.937151946160684
9.936401713703546
9.93564221908252
9.934873339080287
9.934094948361201
9.933306919407993
9.932509122459129
9.931701425444887
9.930883693921041
9.930055790999385
9.929217577274422
9.92836891074564
9.927509646734656
9.926639637796487
9.925758733624017
9.924866780950849
9.923963623413012
9.923049101463501
9.922123052209166
9.921185309263516
9.920235702572732
9.919274058216006
9.918300198172757
9.917313940046066
9.916315096726523
9.915303475972124
9.914278879864634
9.913241104074155
9.912189936803982
9.911125157148653
9.910046532227598
9.90895381091375
9.907846696602892
9.906724832277492
9.905588068351989
9.90443626211282
9.903269216574571
9.902086720595078
9.900888553547919
9.899674488068353
9.898444293085735
9.897197723012066
9.89593452559618
9.894654444769554
9.893357219178817
9.892042581871682
9.890710260094169
9.889359975044757
9.887991441853933
9.886604369022871
9.885198458311452
9.883773404308618
9.882328894061688
9.880864606932583
9.879380218102497
9.877875359602022
9.876349598755713
9.874802593082487
9.873234072853691
9.871643715441694
9.870031180810317
9.868396117367478
9.866738163981644
9.865056950699751
9.863352098589797
9.861623218821828
9.859869912724339
9.85809178102743
9.85628847899552
9.85445958790136
9.852604575604131
9.850722967718538
9.848814292950289
9.846878069727778
9.844913804062248
9.842920988882607
9.840899103369779
9.838847611778426
9.836765961220973
9.834653575963456
9.832509835613815
9.830334130653045
9.828125915842945
9.825884600355577
9.82360957334991
9.821300207035067
9.818955857589419
9.81657586535169
9.81415955473067
9.811706233981432
9.809215194910195
9.806685712540189
9.804117044761439
9.801508431990346
9.798859096886597
9.796168244244285
9.793435061706251
9.790658724351264
9.787838371122948
9.784973116015983
9.78206205484387
9.779104261626966
9.776098787266678
9.773044658539751
9.76994087713422
9.76678641866075
9.763580231607142
9.760321236211208
9.757008323224634
9.753640352529727
9.750216151547598
9.746734513354777
9.74319419408621
9.739593909439396
9.73593232706654
9.732208062129759
9.728419829639918
9.724566306469173
9.720646094062635
9.716657749897635
9.712599791861406
9.70847069903821
9.7042689115629
9.699992830206671
9.695640815988527
9.691211189838432
9.686702232219526
9.68211218269097
9.677439239455468
9.672681558933755
9.66783725539038
9.662904400625935
9.657881023746894
9.65276511102316
9.64755460584363
9.642247408780367
9.63684137777251
9.631334328441703
9.625724034551261
9.620008228621977
9.614184602717945
9.60825080941635
9.602204462975688
9.596043140721504
9.589764384639885
9.583365703257044
9.576844573737946
9.570198444282322
9.563424736809933
9.55652084995571
9.549484162391433
9.542312036490458
9.53500182235173
9.52755086219915
9.519956495171659
9.512216062519022
9.504326913217342
9.496286410017547
9.488091935938861
9.4797409012217
9.471230750728358
9.462558971850703
9.453723102863181
9.44472074177488
9.435549555662584
9.426207290487307
9.41669178139077
9.407000963465698
9.397132882990675
9.387085709117134
9.376857745992826
9.366447445302551
9.355853419203312
9.345074453627415
9.334109521923082
9.32295779882158
9.311618674553083
9.300091769418202
9.288376948303249
9.276474335438683
9.264384329206953
9.25210761696539
9.239645189822959
9.226998357306174
9.214168761846404
9.201158393017812
9.187969601452577
9.174605112357764
9.161068038556287
9.147361892972949
9.133490600485395
9.119458509081749
9.105270400110383
9.090931497873934
9.07644747804741
9.061824475171239
9.047069089012762
9.032188389744764
9.017189921871223
9.002081706834213
8.98687224424036
8.971570511650077
8.956185962878276
8.94072852476118
8.92520859235017
8.909637022500453
8.89402512582947
8.878384657020579
8.862727803502166
8.847067172402213
8.831415775912516
8.815787014982737
8.800194661403689
8.784652838304417
8.769175999101682
8.753778904948344
8.738476600734593
8.723284389703332
8.708217806747859
8.693292590466372
8.678524654053883
8.663930055117401
8.649524964505146
8.635325634280704
8.621348364724279
8.607609471003567
8.594125248895203
8.580911940203803
8.567985697766892
8.555362550187182
8.54305836639655
8.531088820154537
8.519469354581787
8.508215146825895
8.497341072953338
8.48686167315692
8.476791117363174
8.467143171318682
8.457931163228418
8.449167951356888
8.44086589058916
8.433036803158293
8.42569194672023
8.418841984960528
8.4124969587098
8.406666257937479
8.401358594645794
8.396581976681619
8.39234368248093
8.388650236759307
8.385507387162356
8.38292008189278
8.380892448335803
8.379427772712232
8.378528480798423
8.378196119760304
8.378431341191886
8.379233885382956
8.380602566980762
8.382535262111956
8.385028897105675
8.388079438949921
8.391681887620624
8.395830270422005
8.400517638469024
8.405736065427938
8.411476648608279
8.417729512470016
8.42448381457299
8.431727753953046
8.439448581860963
8.447632614658119
8.456265249217587
8.465330979265916
8.47481341408704
8.484695297839023
8.494958529429232
8.50558418207729
8.516552521466053
8.527843020851318
8.539434370506385
8.551304476701429
8.563430439995855
8.575788489268364
8.588353825024646
8.601100333576706
8.614000013677757
8.62702011702927
8.6401337534619
8.653326731824638
8.666578953017138
8.679867750837934
8.6931696519716
8.706460678955754
8.7197164587978
8.732912289793727
8.746023182924345
8.759023881034517
8.771888856915362
8.784592289200377
8.797108012316297
8.809409433309366
8.821469403246027
8.833260022201296
8.84475233964202
8.85591587839992
8.866717818632933
8.877121360417227
8.887081215041494
8.8965288995137
8.905377364148045
8.91366397915241
8.921423445263503
8.928662554797466
8.93538161048198
8.941577864299063
8.947246794409114
8.952382750671354
8.956979306675972
8.961029464427977
8.964525791699035
8.967460555628055
8.969825954556192
8.971614754502955
8.972823828533933
8.973456964029882
8.97348295425391
8.97286464587314
8.971569099541325
8.969561131695622
8.966800556932334
8.963239581431745
8.958819017297095
8.953461331085087
8.947052886804945
8.939364315567973
8.930293509630983
8.919805984777117
8.908005513038496
8.895070817090456
8.881063134010938
8.865990898092743
8.84975169964914
8.832320813145158
8.81396383005947
8.794811985303499
8.774958718298386
8.754480856948746
8.73344715402351
8.711924657220425
8.689988705956473
8.667768279710913
8.645262658195886
8.622419890804494
8.599230184645982
8.575692816501203
8.551810767245557
8.527588888105074
8.503033130366651
8.478150202231625
8.452947428638378
8.427432720061717
8.401614607215453
8.37550232200198
8.349105917825097
8.322436431229685
8.295506095303068
8.26832862685347
8.240919624870932
8.213297162396971
8.185482719107537
8.15750282662691
8.129392412427748
8.10120311014685
8.073045863754608
8.04498619123663
8.01690063779012
7.988736115970852
7.960458217522612
7.932038516963409
7.903450372355612
7.8746666498410836
7.845657994748189
7.816391091433378
7.786826543212694
7.756916394580298
7.726605555829361
7.695859732327159
7.664706339883583
7.6331991004450925
7.601381094430159
7.56928434091896
7.536934388944489
7.504353123621178
7.47156033706669
7.438574654686648
7.405414115391441
7.372096553957573
7.338639863070276
7.305062178181933
7.271382009407194
7.237618338012483
7.203790684287555
7.169919155413533
7.1360244767781165
7.1021280099079895
7.068251759186989
7.034418368961685
7.00065111225495
6.966973872048752
6.9334111159203005
6.899987864693518
6.866729655684482
6.833662501061651
6.800812841802198
6.768207497738409
6.735873613889256
6.703838604091837
6.672130091551792
6.640775847298896
6.609803726701205
6.579241604453183
6.54911730840243
6.519458552566606
6.490292869677031
6.4616475435694545
6.433549541724651
6.406025448242599
6.379101397514054
6.352803008832573
6.3271553221687284
6.302182735292977
6.27790894250681
6.254356874943193
6.2315486428267075
6.209505479625656
6.1882476882645685
6.1677945894645
6.14816447227287
6.12937454682876
6.1114408993949
6.094378449674616
6.078200910420181
6.062920749328883
6.048549153214635
6.035095994435519
6.022569799552381
6.010977720214546
6.000325506086989
5.990617480174123
5.981856515983404
5.9740440168925
5.967179897529067
5.961262567161588
5.956288915075688
5.952254297913337
5.949152528954941
5.946975869326475
5.945715021114739
5.945359122373134
5.945895743997692
5.947310888447351
5.949588990273778
5.952712918453277
5.9566639802108075
5.9614219268683435
5.966964960765766
5.973269743741248
5.980311406729319
5.988063560297169
5.996498305861241
6.005586247303928
6.01529650271673
6.025596716061827
6.036453068722442
6.047830291302886
6.059691676827878
6.071999098036126
6.084713034488505
6.097792621219079
6.111195743255693
6.124879227127154
6.138799245696536
6.152912224371035
6.1671770928051775
6.181562244539178
6.196090804159724
6.210726083220748
6.225209160906776
6.239341437413442
6.252912169739514
6.265653082492212
6.2770935632575835
6.28646867006716
6.294432764723021
6.30143682173065
6.30770416348613
6.313390811407701
6.318619619341398
6.3234948014823225
6.328099597581788
6.332499907624841
6.336754892623099
6.340918624230378
6.345039965183744
6.349162971072402
6.353327306217996
6.357568568006647
6.361918529680091
6.366405319432747
6.371053549991639
6.375884409173432
6.380915719182067
6.38616197000247
6.391634331313329
6.397340645862815
6.403285407189281
6.409469724787915
6.415891281397881
6.422544291213546
6.429419478170183
6.436504118488474
6.443782222700911
6.451234787556888
6.458849932147951
6.466597022292745
6.474413942164425
6.482247114779895
6.490036816472165
6.497715655492239
6.505206844000097
6.512422063134141
6.519258597042774
6.525595154179641
6.53128526323718
6.536145758022939
6.53993360966332
6.542285540174456
6.542372928472936
6.539685276926734
6.535298058997209
6.529683514043453
6.523132097906132
6.515860976705973
6.508046240634463
6.499837366615915
6.4913649574868195
6.482745361374615
6.474083648363445
6.465475643865597
6.457009384502213
6.448766202726751
6.440821563586322
6.433245731263515
6.426104316568226
6.41945874073463
6.413366641307342
6.40788224023595
6.403056691316962
6.398938423252693
6.395573496147071
6.393005992538501
6.391278473519479
6.390432545089581
6.390509611516343
6.391551956666851
6.393604442618761
6.396717510378319
6.400953506622184
6.40640723158418
6.4132928909696085
6.4215641184557235
6.431023606535451
6.441583875915756
6.453184453610216
6.465776507955647
6.479317585300455
6.4937691258103944
6.5090951241653325
6.525261356677317
6.542234924284979
6.559983989883444
6.578477646036845
6.597685878016881
6.617579602993868
6.638130775766897
6.659312557793966
6.68109955109569
6.703468102821165
6.726396690588437
6.7498664038512874
6.773861543226495
6.798370371496258
6.823386061715743
6.8489079238096835
6.874943034880648
6.901508504972379
6.928634827303917
6.956371289973269
6.984795931551741
7.014038185856727
7.044362035734427
7.0763283845288445
7.1093993323808045
7.143214032476227
7.177577402305186
7.212348819521832
7.247417029345766
7.2826896342768945
7.318087550818927
7.353541637916057
7.3889904242467175
7.424378450041682
7.459654976660742
7.494772924739724
7.529687952920838
7.564357612462818
7.5987405192662365
7.6327954758906795
7.666480445097125
7.699751198711242
7.732559258641476
7.764848008212923
7.796540737674917
7.827493373389651
7.8576645668813025
7.88714533122638
7.915960053929803
7.944104723462874
7.971549846465028
7.998212507038134
8.024125896108362
8.049251654226646
8.07348837658857
8.09654767065353
8.118535859873546
8.139775458542372
8.160423513572326
8.180591652094138
8.200371565448568
8.219843920055416
8.239083128808923
8.258160662385048
8.27714802981781
8.296120321688033
8.315161775657478
8.334377706178094
8.353947782235416
8.37414190771474
8.394756949403922
8.415645681202113
8.436735806412596
8.457974113319372
8.479315451592669
8.500718216770109
8.522142020073124
8.543546299464705
8.56488939001662
8.586127823658531
8.607215736538276
8.628104301826324
8.648741121946907
8.66906951120951
8.689027579251965
8.708546978473354
8.72755107933605
8.745952118186308
8.763646319941165
8.780504378976108
8.796347567400126
8.810827224587362
8.823560602764339
8.834980781911975
8.84529735927428
8.8546173907645
8.863012632103077
8.87053600466701
8.877228648177004
8.883123547565152
8.888247586903194
8.892622768515544
8.896266938239728
8.899194190107917
8.901415043552891
8.902936443697268
8.903761610222373
8.903889743583417
8.90331558440024
8.902028807899576
8.900013224928063
8.897245734201237
8.893694947169058
8.8893193522175
8.88406479601766
8.877860885755082
8.870615551696108
8.862206158434775
8.852463233444954
8.841134818499153
8.827771315390446
8.811236970859719
8.792121382512363
8.771418727916004
8.74959448405489
8.726978800844705
8.703835934283838
8.680391456893895
8.65684649636555
8.633386782553305
8.610189552453264
8.587430054294371
8.565289418547238
8.543967355547778
8.523711638362897
8.504978242416433
8.488093695928292
8.472613458694799
8.458371026264096
8.44528617866608
8.433310799528597
8.422413371899777
8.412572105565406
8.403771305141053
8.39599923657757
8.389246778220079
8.383506520669378
8.378772139986545
8.375037945345635
8.372298542067442
8.370548573206548
8.36978251603281
8.369994517919837
8.371178261400724
8.373326851595227
8.37643272149497
8.380487552103796
8.385482205449525
8.391406669069896
8.398250011077574
8.406000345090392
8.414644804508008
8.424169525698481
8.43455963971245
8.445799272171914
8.457871550996684
8.470758621640597
8.484441669514682
8.49890094927827
8.514115820682006
8.530064790649375
8.54672556128546
8.564075082717096
8.582089615171691
8.600744788206923
8.62001567247669
8.639876851961901
8.66030250105409
8.681266465392723
8.70274234613581
8.72470358733848
8.747123566108874
8.769975685205061
8.793233467730788
8.81687065358191
8.840861297289443
8.865179866898837
8.889801343518887
8.91470132111847
8.939856106475832
8.965242818169601
8.990839485161043
9.01662514382169
9.042579933236345
9.068685188234237
9.094923529587696
9.121278950729039
9.147736900208718
9.174284358934345
9.200909910968061
9.227603806285707
9.2543580133684
9.281166258737084
9.308024049452602
9.334928673192506
9.361879167087876
9.388876246432613
9.415922173319354
9.44302054216777
9.47017594061659
9.497393418442321
9.52467764783605
9.552031570392288
9.579454179404681
9.60693686811209
9.63445745456623
9.661970140895946
9.689385014339969
9.716476082224498
9.742893113891295
9.769209684923577
9.795773775295133
9.822817100620302
9.850568318239265
9.879433713465517
9.909659535224394
9.940785713545285
9.972658898290108
9.994828040913536
9.961893261234188
9.92868776986856
9.895278856857862
9.86172789860347
9.828091985925429
9.794424923668556
9.760777876761837
9.727199804613774
9.693737761403975
9.66043711155992
9.627341685322484
9.594493895879605
9.561934829371074
9.529704316611324
9.49784099273624
9.466382349376444
9.435364782896496
9.40482364153767
9.374793273854298
9.34530708057694
9.316397571935422
9.288096432517829
9.260434595933313
9.233442331909895
9.207149349051102
9.181584917341587
9.156778015871259
9.132757513211866
9.109552391006128
9.087192026207562
9.065706555428068
9.045127358613598
9.025487724287057
9.006823807457632
8.989176095934019
8.972591854341083
8.95712974713123
8.942870449841664
8.929950553379442
8.91865996728258
8.908703503805196
8.899947830212726
8.892321127987792
8.885778426426693
8.88029362118915
8.875867442625541
8.872561293661255
8.870254923823198
8.868821736093796
8.868185028642158
8.868281751545169
8.869057130988802
8.870462205326119
8.872452458903108
8.874986966994825
8.878027814295145
8.88153967868109
8.885489524721955
8.889846375536912
8.894581145080158
8.899666521129413
8.90507689602807
8.91078834909986
8.916778693184938
8.923027609194063
8.929516907391644
8.936230969976819
8.943157437535046
8.950288182978689
8.9576205472736
8.96515869380946
8.972914843032346
8.980910200831541
8.989175629606876
8.997752462667698
9.006694202123398
9.016070469455673
9.025976832557316
9.036568293778867
9.04818018852006
9.060668779160032
9.073857807816006
9.087676073081374
9.102078733020848
9.11703311612994
9.132513221342442
9.148497017791895
9.16496493780893
9.181898966136227
9.199282059507977
9.217097762780567
9.235329947883447
9.253962631984965
9.27297984746953
9.292365545435953
9.312103519506351
9.332177338985248
9.352570279553813
9.373265233128748
9.39424455976966
9.415489803003744
9.436981007813605
9.458695179098864
9.480613897861103
9.502726996343819
9.525020699947685
9.547478656123328
9.57008298818044
9.592814700903693
9.615628530299121
9.638528679018453
9.661562315136138
9.684720448466264
9.707962935837985
9.73125833951561
9.754581523695219
9.77790935935283
9.801219428486117
9.824489591048987
9.847697790026226
9.870821943427835
9.893839877112427
9.916729278335048
9.939467660727058
9.962032334798502
9.984400380326468
9.993455667647416
9.971627152810843
9.950158200337567
9.92906860843706
9.90837828163561
9.888107301801579
9.86827601219756
9.848905117546678
9.830015803870563
9.81162988309212
9.793769967960595
9.776459688122669
9.759723956513078
9.74358930534298
9.728084315916803
9.71324018041756
9.699091455476594
9.685677106191136
9.67304201297285
9.661239265320706
9.650333914113684
9.640409778682121
9.631584005229124
9.624049346875378
9.618303981538375
9.614218956449777
9.611311092148147
9.609375315658582
9.60827510603065
9.60790738793422
9.60818924107236
9.609051397909802
9.610434555505137
9.612287076317568
9.614563457009417
9.617223257572672
9.62023032365223
9.623552204763948
9.627159708622111
9.631026553251097
9.63512909148853
9.639446090609296
9.643958555399399
9.648649585977191
9.653504265501379
9.658509573720602
9.663654324697477
9.668929128277927
9.674326376380183
9.67984025678904
9.685466799072774
9.691203959729624
9.697051757067747
9.703012471188929
9.70909093174828
9.71529492767625
9.721635792270039
9.728129251370941
9.734796688752144
9.741667124065525
9.7487805394553
9.75619416432313
9.763997000608239
9.772361374080859
9.781659398517185
9.791534830356692
9.801751248706202
9.812171451784993
9.822682467488791
9.833150510769578
9.843474258025447
9.85369448807032
9.863797791857728
9.873751209263668
9.883485135388545
9.892936380435485
9.90218109707331
9.91126050944245
9.920193846043215
9.928993666824486
9.937669479953673
9.9462294541477
9.954681612060698
9.963035051709216
9.971301813148543
9.979503225046296
9.987693530333974
9.99583902947351
9.996107665627463
9.988178642083422
9.980391566247926
9.972759209967503
9.965292400361916
9.958000615570173
9.950892319044707
9.943975165257847
9.937256134583977
9.930741625974095
9.924437522937009
9.918349241806574
9.91248176775828
9.906839682032048
9.90142718261992
9.896248099943234
9.891305908609613
9.886603736054235
9.882144369598048
9.877930261796559
9.8739635375925
9.870246003051902
9.866779155071388
9.863562553456331
9.860598047200778
9.857886931458118
9.855429483842226
9.85322565084999
9.851275033762356
9.849576877247463
9.848130060575155
9.84693309025748
9.845984093055293
9.845280808751806
9.844820582590204
9.844600357084914
9.844616663617126
9.84486561362038
9.845342889532555
9.846043735559496
9.846962948305007
9.848094867314972
9.849433365577717
9.850971840017866
9.852703202015347
9.854619867976652
9.85671374999977
9.858976246764554
9.861398234989167
9.863970061942982
9.866681536651843
9.86952191585679
9.872479874602533
9.875543496509678
9.878700468165114
9.88193877942147
9.88524511538793
9.888603691827893
9.891998971982028
9.895414667477151
9.898833465074915
9.902237395351946
9.905607776550625
9.908925040852656
9.912168597855379
9.915316700163004
9.918346275200117
9.921232700533404
9.92394949898654
9.926467915255445
9.92875631077641
9.930779266024958
9.932496183049766
9.933858962857999
9.934807762487464
9.935261988744713
9.93509517622657
9.933984840819816
9.931919819245213
9.929285820010222
9.92624847461505
9.922918527820695
9.919381443068467
9.915707952620904
9.911959125325115
9.908189254769542
9.904447720745422
9.900780327577262
9.897230384496385
9.893839703961708
9.89064968271337
9.887702700084695
9.885044314663483
9.882727622737406
9.880826527528964
9.87949668684556
9.878713924324883
9.87835097817766
9.87836306577573
9.878726357719549
9.879427312848021
9.880458792837635
9.881818246683366
9.883506799484525
9.885528848985416
9.887892037338338
9.890607609596895
9.893691330591054
9.897165479710718
9.901063654933905
9.905450624905367
9.91046189280784
9.91600197473612
9.92196140469357
9.928287586717756
9.93494309529175
9.94189795086823
9.949126579939055
9.956606255222002
9.96431617993822
9.972236901352998
9.980349911882904
9.98863736585059
9.997081871999052
9.994336870870029
9.98564677872747
9.97686604912073
9.968011895635312
9.959101451995283
9.950151812711104
9.941180064959234
9.932203314499446
9.92323870741894
9.91430345010508
9.905414829491171
9.896590236069054
9.887847192772035
9.879203393988796
9.870676761057895
9.862285524467007
9.85404835057164
9.845984546753826
9.838114416714882
9.830459930586477
9.823046024356271
9.815904737526415
9.809104704738976
9.802612629040862
9.796408912009703
9.790489852955682
9.784856890442931
9.779514345933155
9.774468433851117
9.769726811014406
9.765298383163561
9.761193273329532
9.757422912538672
9.754000148155358
9.750939443873104
9.748260004748747
9.745987460089513
9.744156374977411
9.742824160422504
9.742138327224868
9.74205784300626
9.742424733643151
9.743167703330762
9.744236853389506
9.745592342989442
9.747200226660082
9.7490304193237
9.751055534518171
9.753250145556962
9.75559027074633
9.758052979162583
9.760616051817
9.763257642942456
9.765955870229789
9.76868820419632
9.771430461200165
9.774156246914238
9.776802577647057
9.779390159062082
9.781930210828023
9.784421069409525
9.786858482876127
9.789236653688182
9.791548916137792
9.793788092562199
9.795946692281246
9.79801703006491
9.799991299431609
9.80186161862642
9.803620059145494
9.805258662773545
9.806769450895823
9.808144429063661
9.809375589087969
9.810454911082614
9.811374368186542
9.812125937431016
9.812701621333115
9.813093486264679
9.81329372528114
9.813294754370233
9.81308935087803
9.812670839308478
9.812033320454923
9.811171923630933
9.81008304114085
9.808764488256944
9.80721553109451
9.805436749852204
9.803429740015652
9.801196685391677
9.798739841682703
9.796060945256205
9.79316051047228
9.790036887550631
9.786684744595174
9.783091903329002
9.77922720285672
9.775012287135569
9.770497905130863
9.765772496826376
9.760882609159703
9.755863493248857
9.750745163698163
9.745554482871851
9.740316186718951
9.735053471757361
9.72978836685423
9.724541988973472
9.719334733211737
9.71418642570206
9.70911645760581
9.704143913576416
9.699287706495944
9.694566731368008
9.690000055720754
9.68560717459422
9.681408383682248
9.677425388540868
9.673682405272952
9.670207522241697
9.667058978440007
9.664234344928552
9.661728104512784
9.659551653212292
9.657723270986647
9.656269993383424
9.65523530078553
9.654727324298399
9.654768343592204
9.655230562652168
9.656062469184493
9.657233281360522
9.658722112276237
9.660514705961848
9.662602627696732
9.664984437325057
9.667671410108266
9.6707237408677
9.674117627804309
9.677747525893805
9.681556103454868
9.685496758303088
9.689526853282324
9.693604951928455
9.697689116535004
9.701735445643854
9.705696391824278
9.709518292775186
9.713136859561935
9.716466387506248
9.719347819522476
9.721577957356612
9.723389008388594
9.724890484001913
9.726141252251338
9.727181508393857
9.728041374507136
9.728744605480621
9.72931053346175
9.729755219089713
9.730092202309413
9.730333205330222
9.730490149026336
9.7305704023062
9.730577498142027
9.730515593218957
9.730387982584798
9.730196996820537
9.729944000540016
9.729629364997832
9.72925240402928
9.728811251974733
9.728302638611458
9.727721457768826
9.727059821012249
9.726303900594017
9.725421069305785
9.724401478186154
9.723284315735155
9.722088380376496
9.720824089534656
9.719498748496866
9.718117802728168
9.716685404242192
9.715204727940423
9.713678168783611
9.712107474365638
9.710493838799351
9.7088379715473
9.707140148853062
9.705400252190858
9.703617796224409
9.701791947498256
9.69992153413737
9.698005045999809
9.696040623858735
9.694026035131873
9.691958632211652
9.6898352873132
9.687652294286252
9.685405222123824
9.683088694706846
9.680696052095412
9.678218809369213
9.675645740190657
9.672961183008798
9.670141465197952
9.667146222828524
9.663922623337763
9.660506865695455
9.65698098505771
9.653403574426054
9.649819864403433
9.646269492922904
9.642799382918579
9.639456004366696
9.636288582114645
9.633354316714081
9.630728348203318
9.628559383405854
9.626926514606149
9.625699140145814
9.624835202754355
9.62431313633075
9.624119912701087
9.624246923271585
9.62468812697786
9.62543906609213
9.626496286515309
9.627856971069734
9.629518695750805
9.631479260544213
9.633736568720408
9.636288538352176
9.639133036102676
9.64226782678428
9.64569053432378
9.64939861112055
9.653389313666196
9.657659682884816
9.662206528057677
9.667026413478194
9.672115647182473
9.677470271242475
9.683086053090156
9.688958478248598
9.695082742377071
9.701453744760377
9.708066081179616
9.714914036612527
9.721991577331497
9.729292342007373
9.73680963126652
9.744536394825623
9.75246521472441
9.760588282364433
9.768897365297436
9.777383712977997
9.786037679399278
9.794850108730577
9.803812246576488
9.812914322469041
9.822145940607648
9.831496164132679
9.840953538752366
9.85050614533077
9.860141732623669
9.869848025164263
9.87961341666852
9.889428554062961
9.899290175916697
9.909211935832454
9.919283888172886
9.929577781863317
9.939802248266982
9.949762321987055
9.959235338779242
9.967776442725725
9.9755143196419
9.982732239467516
9.989544072160303
9.996022376538852
9.997780524044398
9.991828795459659
9.986090141397169
9.980536624721983
9.975144877917035
9.969895188325312
9.964770856652654
9.95975772836804
9.954843832213164
9.950019072731243
9.945275152728676
9.940605526192781
9.935994569562371
9.931516690127452
9.927129844772123
9.922809601447284
9.918542922549964
9.914320142334137
9.91013348393695
9.905976505085686
9.901843810317308
9.897730877950751
9.893633945517086
9.889549928148169
9.885476356919181
9.88141132991166
9.87735347169416
9.87330189852586
9.869256187511285
9.865216348537745
9.861182798162403
9.857156334889247
9.853138115439021
9.849129631740825
9.845132688465903
9.841149380994223
9.837182073759067
9.833233378958852
9.829306135661168
9.825403389354205
9.82152837202609
9.81768448287475
9.813875269736188
9.810104411571956
9.80637570166305
9.80269303234995
9.799060380990053
9.795481797520232
9.791961393784002
9.788503334822257
9.785111832330935
9.781791140491997
9.778545554386465
9.77537941120042
9.772297094437949
9.76930304136062
9.766401753883446
9.763597813175716
9.760895898206023
9.75830080880595
9.755817493060176
9.753451080376562
9.751206920384616
9.749090628988734
9.747108143158938
9.745265786982598
9.743570353070723
9.74202920630411
9.740650422620845
9.73944298789693
9.738417111639453
9.737584792215154
9.736961139109322
9.73657254545405
9.736441836481674
9.736552341602758
9.736902239342841
9.737495459859453
9.738338840751553
9.739441474496692
9.740814543934466
9.742471396801996
9.744427801815412
9.746702407072194
9.749317488258331
9.752300181759692
9.755684637218438
9.759516183332389
9.763860974063544
9.76884013415643
9.774742602009765
9.781344382274698
9.788403155024803
9.795793710395662
9.803433575232987
9.811273983672091
9.819285871915882
9.827447936817165
9.835741995376763
9.84415165207851
9.852661879276166
9.861258837338871
9.86992976834939
9.878662919619861
9.887447483696329
9.896273549720826
9.905132063487383
9.914014794471596
9.922914308366677
9.931823944173129
9.94073779480768
9.949650690497242
9.958558184289284
9.967456539115208
9.976342715925599
9.985214362486174
9.994069802483468
9.997092820772771
9.98828506845565
9.979510041686675
9.97076669909527
9.962053393895534
9.953367892808524
9.944707395419407
9.936068554621805
9.927447497218097
9.918839845216729
9.91024073737379
9.901644850739652
9.893046421806794
9.884439266693905
9.875816799581003
9.86717204830182
9.858497665555694
9.84978593354571
9.841028758852522
9.832217652786316
9.823343689904272
9.814397433051619
9.805368805336677
9.796246875006641
9.787019487668362
9.777672610397786
9.768189064357028
9.758545699365124
9.74870419260119
9.738565457460016
9.728149424283647
9.717584896333896
9.706931902927803
9.696232288105938
9.685519693083739
9.674823008273641
9.664168080232761
9.653580319093134
9.643083763478224
9.632691795607283
9.622420900769876
9.61228706142916
9.602305615050467
9.59249129878031
9.582858288781491
9.573420244176127
9.564190356046087
9.555181402206225
9.546405810309436
9.537875733678291
9.529603146496077
9.52159996840179
9.513878234358826
9.50645033635983
9.499329384432407
9.492529779916616
9.486068202916151
9.479965531557095
9.474251386804134
9.468984241700994
9.464268596811888
9.459984728612094
9.456051586622118
9.45242348439144
9.449065399482667
9.445947023282184
9.443039843901834
9.440315125646286
9.437742211087713
9.435286953242137
9.43291001541442
9.43056417182644
9.428187757251443
9.425662614743405
9.422916951115562
9.420030140737278
9.417027667135873
9.413919333737107
9.410709913687876
9.407402037198908
9.403997434574322
9.400497563962356
9.396903957382891
9.393218420852364
9.38944315218967
9.38558080930573
9.381634547361339
9.37760803518286
9.37350545805791
9.369331510854272
9.365091384491938
9.360790747767583
9.356435726006513
9.352032877666444
9.347589169793544
9.343111953092947
9.33860893730049
9.334088167518283
9.32955800220148
9.325027093563115
9.320504371314541
9.315999030951222
9.311520527934855
9.30707858060808
9.302683184475839
9.298344643794964
9.29407362925888
9.289881277963541
9.285779367104613
9.281780629638295
9.277899379304174
9.274152814618455
9.27056209452734
9.267189558071241
9.263984834801102
9.260934966240029
9.25803254787435
9.255272873436178
9.252652197438927
9.250155876604001
9.247793282401528
9.245574875059813
9.243505530410603
9.241589636227323
9.239831150826927
9.238233698756451
9.236800628622415
9.235535040270104
9.234439795702464
9.23351752202983
9.232770610696106
9.232201215221401
9.231811248741415
9.231602382157737
9.231576043636569
9.231733419869135
9.232075460161083
9.232602884235229
9.233316195575004
9.234215703290031
9.235301558114934
9.236573814155207
9.238032543130819
9.239678069595312
9.241511712598692
9.243539554700149
9.24575735504016
9.248154017929156
9.250722907845324
9.253458086338922
9.256353735307474
9.259403961363091
9.262602688010222
9.265943585440509
9.269420016854632
9.273024990121051
9.276751107473311
9.280590506970292
9.284534788707532
9.288574916355362
9.292701079834922
9.296902496132562
9.301167108781376
9.305481114692805
9.30982818281397
9.314188093436913
9.318534222544056
9.322828533854368
9.327010172496268
9.330956189137181
9.33441132291259
9.337603948989988
9.340683743518259
9.343719278215744
9.346753825637867
9.349818219564291
9.352936148311418
9.356126742282479
9.359405974603485
9.362787480247624
9.366283066692247
9.369903050005526
9.373656486422178
9.377551338833394
9.38159460055757
9.38579239082691
9.390150030848815
9.394672106487723
9.399362521749996
9.404224546096739
9.409260857868757
9.414473585634358
9.419864348978088
9.425434300087447
9.431184167438595
9.437114302922495
9.44322473389458
9.449515221842496
9.455985330177096
9.462634503205633
9.469462161311611
9.476467817230448
9.483651222368945
9.491012556885636
9.498552686911783
9.506273531699614
9.514178626971447
9.522274083393267
9.530570502283172
9.53908791497038
9.547885456818676
9.556960711859988
9.566245858344596
9.575714099543765
9.585352013148704
9.595166385058038
9.605158162886099
9.61527498967946
9.625483993238719
9.635760354570287
9.64608237516717
9.656430092435272
9.6667845958758
9.677127610812871
9.687441206257995
9.697707562759254
9.707908763367847
9.71802657904224
9.728042216838325
9.73793598333369
9.747686773605484
9.757271177412823
9.766661537427652
9.775819332343266
9.784672926509156
9.793219127686918
9.801509201004935
9.809558582045396
9.81737265031435
9.824951963007981
9.83229366391291
9.839391739849678
9.8462363535902
9.852811524045089
9.85908727044931
9.864976726713051
9.870535918413296
9.875860773176711
9.880996756186235
9.885975514162151
9.890821473886135
9.895554415911345
9.900190776500164
9.904744407614276
9.90922706377637
9.913648735378647
9.918017888692619
9.92234164579761
9.926625924034273
9.930875547195996
9.935094336405003
9.939285186007794
9.943450128376663
9.947590389878643
9.951706440480201
9.955798038025131
9.959864268423482
9.963903582540256
9.967913830400514
9.97189229317218
9.975835713261223
9.979740322745993
9.983601870280157
9.987415646500258
9.991176507878496
9.994878898857312
9.998516871982485
9.997916328663878
9.994429186589521
9.991028774667058
9.98772227328077
9.984517191510584
9.981421377471792
9.978443041053357
9.975590793776059
9.97287371287893
9.970301440751205
9.967884337936555
9.965633721418211
9.9635622477151
9.961684564518025
9.960018527928042
9.958587880510533
9.95743082500889
9.956635826140856
9.9561676817229
9.955961507884295
9.955987648970384
9.956224932933488
9.95665612840569
9.95726627677253
9.958041904438732
9.958970599568618
9.960040766395348
9.961241475709933
9.962562371539239
9.96399361261091
9.965525836415907
9.967150138609199
9.968858063312688
9.970641601481459
9.972493195862192
9.974405751323228
9.976372650351752
9.97838777366187
9.98044552635245
9.982540870456472
9.984669365208678
9.986827216973662
9.989011341606455
9.991219443190264
9.993450114820838
9.9957029697498
9.997978815442117
9.999720117526923
9.99739048515715
9.9950264910054
9.992618940434893
9.990154373278905
9.987612560975801
9.984960127202338
9.982114662157958
9.97902765328841
9.975805773419866
9.972496663959898
9.969131468556592
9.96573529814336
9.962331032027262
9.958942293558291
9.95559846201235
9.952360854729484
9.949256392258572
9.946198906314297
9.943151945559448
9.94009023109859
9.936993035042796
9.933841613643196
9.930617818575913
9.927303019176074
9.923876898907213
9.920315576487294
9.916587765145405
9.91264315996874
9.90837312950683
9.903887160091605
9.899224780020573
9.894410927026847
9.889463533670282
9.884396898908149
9.879223188116757
9.873953209718051
9.86859686628219
9.86316343750593
9.857661767714422
9.852100395247106
9.846487644573322
9.840831693531797
9.835140623456955
9.829422457276545
9.823685189049526
9.817936807407664
9.812185314727506
9.806438743457381
9.800705170786827
9.794992732696926
9.789309638506209
9.783664186983486
9.778064785479204
9.772519973770953
9.767038454377808
9.761629128997791
9.756301132378569
9.751063892755257
9.745929684336938
9.740906325993656
9.73600282811211
9.731229787570722
9.726598788122164
9.722122832041602
9.717816964018661
9.713699063762498
9.709798327077928
9.706195819628606
9.702858190996906
9.699745663843682
9.69684152781444
9.694134695415132
9.691617015537817
9.689283457188793
9.687129116259058
9.685144150646735
9.68331957734186
9.681647529102158
9.680120414912595
9.67873066567802
9.677470608451081
9.676332378760419
9.675307844329065
9.674388525369897
9.673565497971085
9.672829263045692
9.672169553471585
9.671575031803362
9.67103278985374
9.670527475437803
9.670039680501883
9.66954273882214
9.6689953430737
9.668311089028483
9.667358003360166
9.666287554062297
9.665172248670627
9.664048068013676
9.662937858888636
9.661857853830346
9.660820471626424
9.659835714351132
9.658911926567722
9.658056234010377
9.657274809255195
9.656573038416147
9.655955628412446
9.65542667714415
9.654989719868704
9.654647760088729
9.654403290387252
9.654258306905001
9.654214320033985
9.654272363167216
9.654433000702225
9.654696336207069
9.655062021177672
9.65552926462682
9.656096843509127
9.656763113838169
9.65752602225114
9.65838311771813
9.659331563066832
9.660368145987196
9.661489289182237
9.662691059329893
9.663969174506434
9.66531900968578
9.666735599834972
9.668213640201518
9.669747482665722
9.671331127703565
9.672958210212037
9.674621977438044
9.676315256197602
9.678030405202083
9.679759245969938
9.681492961671383
9.683221945459673
9.684935563888391
9.68662176481758
9.68826636557456
9.689851570405546
9.69135217241745
9.692722094089623
9.693825751957561
9.694706030021614
9.695467054790246
9.696141581670432
9.696746818509537
9.697294135747402
9.697792049892296
9.698247404319817
9.698665932759836
9.69905256637645
9.69941161747192
9.699746897046555
9.700061793982632
9.700359330634186
9.70064220327748
9.700912812697105
9.701173287176179
9.70142550240931
9.701671096544322
9.701911483720561
9.702147865800509
9.702381242902673
9.70261242303158
9.702842030987258
9.703070516648172
9.703298162648814
9.703525091409416
9.703751271415177
9.703976522580955
9.7042005204697
9.704422799053008
9.704642751613195
9.704859629181463
9.70507253595694
9.705280420529483
9.705482061758461
9.705676047415313
9.705860742989055
9.706034246805068
9.706194325574721
9.706338320992678
9.70646301162123
9.706564401863387
9.706637383400228
9.706675151578786
9.706668083429191
9.706601139846008
9.706443574346348
9.706124346507147
9.705705674618105
9.705258252235126
9.704818489924511
9.704414457162079
9.704071409039624
9.703816586791486
9.703697752809733
9.703718069641413
9.703842764295699
9.704060209613004
9.70436408236729
9.704750243329322
9.70521566145284
9.705757931253961
9.706375035378073
9.707065237362393
9.707827068760507
9.708659425943093
9.709561902110286
9.710536555216947
9.711588760439039
9.712707421380514
9.71388260678346
9.715107349285525
9.716375401123088
9.71768079006919
9.719017639600503
9.720380076686466
9.721762177609055
9.72315793248444
9.7245612192909
9.725965782454502
9.727365213141262
9.728752932873999
9.730122178445399
9.731465983704819
9.732777156474954
9.734048250525632
9.735271531766397
9.73643893707198
9.737542023619993
9.738571905972375
9.739519177161174
9.740373808525737
9.741125020625304
9.741761113522479
9.742269237685079
9.742635073661472
9.742842361964149
9.74287216448562
9.742701578382295
9.742301076109573
9.741626082862176
9.74058669718805
9.739201281717444
9.73750295421273
9.735472770853042
9.733030155395824
9.730250777358409
9.727195160353737
9.72389510710103
9.720373308487712
9.716647454640352
9.71273197167113
9.708638987777483
9.704378781827357
9.699959844423683
9.695388827645905
9.690670514276311
9.68579223986631
9.680769125253688
9.675627890691892
9.670382498979354
9.665045647642863
9.659629097454633
9.654144040104157
9.648601363175931
9.643011844317124
9.63738631511174
9.63173582474971
9.626071834385659
9.620406491213627
9.61475309186302
9.60912706765867
9.603549350418874
9.598056693149463
9.592639844853169
9.587287294231748
9.581998051969919
9.576773977708278
9.571618410149584
9.56653565139058
9.561530737338847
9.55660934479449
9.55177779055626
9.547043124474255
9.542413369632083
9.537898094072665
9.533510316258559
9.529275089573519
9.525197252856675
9.521259088730071
9.51745539290765
9.513784519275356
9.510246322077757
9.506841505637846
9.503571310135323
9.500437332226664
9.497441411690685
9.494585554716817
9.49187187952931
9.48930257674581
9.486879880149658
9.484606045417657
9.48248333535814
9.48051401095919
9.47870032808056
9.47704454013228
9.47554890766767
9.474215716627203
9.473047308251603
9.4720461259383
9.471214788675619
9.470556210037866
9.470073804609031
9.46977189161155
9.469656654654166
9.469740318990938
9.470040210392085
9.47053421324447
9.471213604279436
9.472072274673293
9.473105220772819
9.474307916522223
9.475676034618889
9.477205301114756
9.478891411246462
9.480729977518111
9.482716496504642
9.48484632733219
9.487114677851125
9.48951659608855
9.492046965425327
9.494700502458906
9.497471756749112
9.500355111928235
9.503344787667231
9.506434842122278
9.509619174507627
9.512891527467662
9.516245488931252
9.519674493129763
9.523171820445004
9.526730595717648
9.530343784576047
9.534004187211806
9.537704428783732
9.541436945195738
9.545193962217432
9.548967464780146
9.552749150716592
9.55653036044147
9.560301967488558
9.564054205211697
9.567776386317085
9.57145643440812
9.57508005966579
9.578629168169503
9.582078200765437
9.585380953515656
9.588437445925543
9.591334066031061
9.594137830303069
9.596879546862061
9.599578787516348
9.60224914611674
9.604900433938907
9.607539816662392
9.610172473747731
9.612802004062118
9.615430677905119
9.618059581886582
9.620688672786036
9.623316729312057
9.625941144641857
9.628557369357159
9.631157125828256
9.633723180193666
9.636263525105717
9.638794645037427
9.64132381077225
9.643856070166116
9.646395551895926
9.648945871876172
9.65151026414383
9.654091573159764
9.656692156415009
9.659313740727693
9.661957295609863
9.664622991499607
9.66731027154999
9.670018005377955
9.672744662978875
9.675488461295878
9.678247466507555
9.681019656162622
9.683802952488742
9.686595237592401
9.689394358251885
9.6921981252916
9.695004310451896
9.697810642452392
9.700614803176347
9.703414424469027
9.706207085795384
9.708990312864072
9.711761577248785
9.714518296996996
9.717257838194882
9.719977517446273
9.722674605218266
9.725346330003076
9.727989883141635
9.730602424864134
9.733181089958208
9.735722995038987
9.738225245812473
9.740684944857364
9.743099199718403
9.74546513118624
9.747779881614447
9.75004062309495
9.752244565279453
9.754388962596137
9.756471120568353
9.75848840089536
9.760438224904021
9.762318074924012
9.764125493071097
9.765858076871751
9.767513470987673
9.76908935429514
9.77058342125441
9.771993356300232
9.773316799525624
9.774551301257171
9.775694262034307
9.77674285271656
9.77769390639034
9.778543768291101
9.779288079601093
9.779921449724906
9.780436923185583
9.780825018896412
9.781071669481346
9.781151404832038
9.78099958656751
9.78062717167273
9.780112221047707
9.779489954641257
9.778784522506013
9.778015780654087
9.777200194178072
9.776351894618871
9.77548338135412
9.774605900728146
9.773729687984224
9.772864135752998
9.772017917791269
9.77119908361214
9.770415133401348
9.769673079169213
9.76897949613317
9.768340567001161
9.767762121166157
9.767249670298632
9.766808441569362
9.766443409593323
9.76615932815265
9.765960762822926
9.76585212580508
9.765837714592385
9.765921756654132
9.76610846323762
9.766402096953907
9.766807060577694
9.767328019673888
9.767970081954822
9.768739078721062
9.76964203762114
9.77068797423986
9.77189214981007
9.773276599789032
9.774875096510803
9.776652526873212
9.778575354682594
9.780625942507568
9.782791167927845
9.785060215587992
9.7874236535578
9.789872961673925
9.792400257476434
9.794998122533018
9.797659484975783
9.8003775356524
9.803145665094892
9.805957413579783
9.808806429142953
9.811686429881151
9.814591167642433
9.817514390560266
9.820449801938429
9.823391012786901
9.826331484817365
9.8292644598173
9.832182869759581
9.835079219153497
9.837945425603404
9.840772593010113
9.843550665474865
9.84626784424189
9.848909450010927
9.851455104170348
9.853864522315401
9.8560873307366
9.858192360653913
9.860213257080023
9.862168094708245
9.864069044996164
9.865924991995994
9.867742702054208
9.86952745880644
9.871283448816511
9.873014013275345
9.874721820522058
9.876408988449093
9.878077173589277
9.8797276374281
9.88136129632262
9.882978726382309
9.884579996446071
9.886165510210237
9.887735382060638
9.88928941422582
9.890827214171003
9.892348219947655
9.893851728361028
9.895336929623145
9.896802959782727
9.898248996604428
9.899674464689301
9.901079553143175
9.90246685811159
9.90385088233448
9.905229194808994
9.906572928045676
9.907864944846894
9.909066251939114
9.910207024394778
9.911291378307597
9.912321782307487
9.913299203431551
9.914223690289871
9.915094709991383
9.915911331106875
9.916672334123577
9.917376285108562
9.91802158898894
9.918606530765569
9.91912930924195
9.919588065931253
9.919980910765764
9.920305945610913
9.920561286176444
9.920745082554125
9.920855538071628
9.920890925134723
9.92084959543171
9.920729982872729
9.920531209283238
9.920251280169238
9.919888761635283
9.91944224759777
9.918910145438156
9.918290199733471
9.917576875677266
9.916761439858455
9.915864244735817
9.914898564226819
9.913872202294176
9.91279091871379
9.911659226063064
9.910480760958578
9.909258529147277
9.907995131434696
9.90669301973374
9.905354789988333
9.903983467839899
9.90258270343986
9.901156805343584
9.89971061607468
9.898249305666965
9.896778176511717
9.895302539686567
9.893827684746164
9.8923589518343
9.890901937611375
9.889462955881346
9.888050234714992
9.88667977844043
9.885374662152953
9.884083519934622
9.882801612544927
9.88152443996833
9.880248510125513
9.878971196847218
9.877690573624033
9.876405275847222
9.875114402182675
9.873817442995334
9.872514226492726
9.871204876584361
9.86988977866139
9.868569550868298
9.8672450192876
9.865917195995863
9.86458725929682
9.863256535666432
9.861926483098294
9.860598675641972
9.859274788999283
9.85795658708488
9.856645909516326
9.855344659983455
9.854054795506235
9.852778316582576
9.851517258251828
9.850273682117724
9.849049669399966
9.847847315120646
9.846668723588014
9.84551600542958
9.844391276574187
9.843296659836888
9.842234290222203
9.841206325956707
9.840214969169631
9.83926250451338
9.838351375640816
9.837484330703802
9.836664624859356
9.835900953285797
9.835188644183233
9.834524737912819
9.833908248119577
9.833338753662863
9.832816134084432
9.8323404339574
9.8319117935736
9.831530408225339
9.831196501969742
9.830910309612227
9.830672063717952
9.830481984863498
9.830340274065591
9.830247106691402
9.830202627399434
9.830206945782296
9.830260132471416
9.830362215517491
9.830513176896527
9.830712949016013
9.830961411113249
9.831258385451513
9.831603633231428
9.831996850146549
9.832437661525367
9.832925617017798
9.833460184849539
9.834040745374544
9.834666584634478
9.83533688708903
9.836050728289274
9.836807067359153
9.837604739491695
9.838442448640617
9.839318760591322
9.840232096579635
9.841180727590173
9.842162769410333
9.843176178444583
9.844218748214086
9.845288106386235
9.846381712104591
9.847496853323538
9.848630643824569
9.849780019481413
9.850941733418434
9.852112349548932
9.853288233983772
9.85446554367712
9.855640211523099
9.856807926904853
9.85796411050597
9.859103882294242
9.860222021699567
9.861312888559933
9.862369808683827
9.863386655394681
9.86435651234514
9.865271266702436
9.866121472863002
9.86689566103408
9.867578949689097
9.86814984107441
9.868544759994979
9.868785041274176
9.868915924189977
9.868956182124386
9.868917900345814
9.868809825419678
9.86863857061199
9.868409073488774
9.868124465329688
9.86778487947402
9.867384668212992
9.866937544277818
9.8664628279744
9.865966438140468
9.865451742855136
9.864923031135545
9.864384377260041
9.863839583071142
9.863292195338065
9.862745529407796
9.862202691449742
9.86166659753163
9.861139989537143
9.860625448363281
9.860125404878385
9.859642149066051
9.859177837708318
9.85873450092932
9.85831404763409
9.857918270531593
9.857548850234881
9.857207359068765
9.856895264499963
9.856613932327496
9.856364629735623
9.856148528311193
9.85596670710169
9.855820155672063
9.855709776858623
9.855636388573302
9.855600722915876
9.855603421303176
9.855645035363281
9.855726038384695
9.855846833582305
9.856007756710095
9.856209077640848
9.856451002456708
9.856733675998232
9.857057184676425
9.857421559428314
9.857826778753648
9.858272771797191
9.85875942145075
9.859286567449644
9.859854009433025
9.860461509926628
9.861108797188567
9.861795567830391
9.862521489081068
9.863286200498994
9.864089314824184
9.864930417538686
9.865809064478752
9.866724776589917
9.867677030606053
9.86866524416848
9.869688753865196
9.87074678519906
9.871838415005291
9.872962529532254
9.874117784692915
9.875302577157036
9.876515033838125
9.877753022340304
9.879014178333934
9.880295941193367
9.881595588718682
9.882910263954134
9.884236990563268
9.88557267548175
9.8869140986463
9.888257889426527
9.889600488274523
9.8909380900358
9.892266561816262
9.893581321810899
9.894877152368123
9.896147890586773
9.897385859689168
9.898580633522043
9.899715288976681
9.90074731223954
9.901690892814631
9.902585725965709
9.903449188415191
9.90429309750444
9.905126655231545
9.905957568506912
9.906792620977486
9.907638023453845
9.908499665669199
9.909383331071648
9.910294920291111
9.911240739991976
9.912227970702357
9.913265645755677
9.9143672244213
9.915564741078894
9.91683833649568
9.918169829549594
9.91955070174538
9.92097512570224
9.922438586483382
9.923937327299107
9.92546807327761
9.927027874774733
9.928614010729932
9.930223925452179
9.931855185418625
9.933505448697094
9.935172442625586
9.936853947005256
9.938547780968072
9.94025179228334
9.941963847943912
9.943681825385257
9.945403603332556
9.947127051352643
9.948850016742686
9.950570306585215
9.95228566102124
9.95399370978547
9.955691896346874
9.957377361604646
9.959046977782494
9.960691084692169
9.962315201743218
9.963920450330003
9.965506826394876
9.967073974959378
9.96862130540602
9.970148075882332
9.971653439930632
9.973136472890541
9.974596187447254
9.976031542621708
9.977441447819821
9.978824761274648
9.980180279479264
9.981506716435785
9.982802728898157
9.98406713293853
9.985298860232266
9.986496745766857
9.987659543920703
9.988785955818054
9.98987463652937
9.990924195521679
9.99193319447107
9.99290014331608
9.993823494563193
9.994701635532435
9.995532877982118
9.996315444253131
9.997047448649159
9.997726872120907
9.998351527278201
9.998919008986798
9.999426622647634
9.999871276222416
9.999750696672224
9.99944382551573
9.999214013264156
9.999069758940589
9.999026011167693
9.99912128624563
9.999336536798042
9.999635226292146
9.999999816457429
9.999582580646434
9.999122715463377
9.998630178259866
9.998113972026092
9.99758294039695
9.99704624162141
9.996514142683445
9.9960001673964
9.99553196082232
9.995104209689057
9.994698165254128
9.994307210517503
9.99392767389308
9.99355724110626
9.993194364660637
9.992837977596876
9.992487333626025
9.992141909480988
9.991801341522109
9.991465382809864
9.991133873244738
9.99080671857606
9.990483875849405
9.990165343947817
9.989851158646097
9.989541392085803
9.989236157589758
9.988935637549595
9.988640440275566
9.9883512733463
9.98806699519241
9.9877870819232
9.987511215171123
9.98723911715777
9.98697053227768
9.986705217098784
9.986442933716093
9.986183445476266
9.985926514182891
9.985671898163401
9.985419350879845
9.985168619660069
9.98491944459686
9.984671557275552
9.98442467925275
9.984178520106637
9.983932774832478
9.98368712004462
9.983441206300782
9.983194628458646
9.982946883978096
9.98269760024494
9.982446402719457
9.982192771048958
9.981936053091761
9.981675417074394
9.981409754125908
9.981137504837141
9.980856347305805
9.980562603052313
9.980249716461643
9.979900170099546
9.97951790136367
9.979121241032548
9.978717365309759
9.978310733157832
9.977904573503455
9.977501401133683
9.97710325009129
9.976711796420298
9.976328431259704
9.975954310469596
9.97559039337015
9.975237476453469
9.974896224743933
9.97456720103669
9.974250892435062
9.973947733252285
9.97365812359029
9.973382443392047
9.973121062256393
9.972874345651281
9.972642658312376
9.972426365599924
9.972225833473923
9.972041427599963
9.971873511958215
9.97172244721887
9.971588589044925
9.971472286497367
9.97137388057804
9.971293703043118
9.971232075555514
9.971189309280593
9.971165705054727
9.97116155430379
9.97117714096613
9.971212744801742
9.971268646685761
9.971345136870118
9.971442527927891
9.971561175591226
9.971701514088767
9.9718641214568
9.972049859466656
9.972260299020622
9.972499904914416
9.972768490671031
9.973059011707416
9.973368248732841
9.973693935926763
9.974034250056809
9.974387623930843
9.974752655165522
9.975128053691398
9.975512608030577
9.975905161673573
9.976304595153318
9.976709811231522
9.977119721379829
9.97753323190201
9.977949227729079
9.978366550693249
9.978783966201044
9.979200105275822
9.97961336233471
9.980021731557681
9.980419433644641
9.98080946750733
9.981194239792508
9.981574529742677
9.981950831708163
9.982323477427528
9.982692722143439
9.983058803246966
9.98342199119927
9.983782649259545
9.98414132520238
9.984498934134496
9.984857354654013
9.985221903311558
9.985592402191406
9.985960222406145
9.986321034070983
9.986671651646272
9.987009283009726
9.987331246208935
9.987634757467918
9.98791667628506
9.988173043377701
9.988397576954194
9.988575831222379
9.988711926363715
9.988820345896013
9.988907490203369
9.988977550336681
9.989033708466827
9.989078543792786
9.989114231173406
9.989142653945278
9.98916547437674
9.989184180752039
9.98920012052958
9.989214524733649
9.989228526617467
9.989243176508925
9.989259454125472
9.989278279303784
9.989300521869145
9.989327011462567
9.9893585480001
9.989395913934807
9.989439889938668
9.989491276915842
9.989550930094069
9.989619818263506
9.989699144270594
9.98979066037401
9.989898542687625
9.990024516368514
9.990162448649638
9.990309660226696
9.990464280647778
9.990624782500642
9.990789811146389
9.99095810233279
9.99112843237567
9.99129958182879
9.991470303975294
9.991639293004129
9.99180514760601
9.991966324786901
9.992121075099426
9.992267340571267
9.992402567172126
9.992523272823522
9.992623370734037
9.992690577977461
9.992735845587184
9.992767799569672
9.992790523339405
9.992806713194838
9.992818334562582
9.992826898944102
9.992833609729324
9.992839448864824
9.992845232425335
9.992851648117952
9.992859281541019
9.992868635090314
9.99288014187955
9.992894176185345
9.992911061416569
9.992931076290025
9.992954459688836
9.992981414547211
9.993012110983369
9.993046688923515
9.993085260269268
9.99312791077281
9.993174701672036
9.993225671149133
9.993280835658108
