0.001096352288804087
0.0011096668359041233
0.0011231540693584844
0.0011368178307368112
0.0011506648225106605
0.00116469657925951
0.001178913000977456
0.0011933151849256617
0.0012079054352801
0.0012226859885997952
0.0012376592497828501
0.001252827699712754
0.0012681938469247427
0.0012837603760557548
0.0012995300874073569
0.001315505798270729
0.0013316903700383795
0.001348086716213772
0.001364697777051071
0.001381526464550928
0.0013985759277172416
0.0014158494218913722
0.0014333502025079693
0.0014510815687746406
0.0014690468706390727
0.0014872495124475151
0.0015056929554650648
0.0015243807201254487
0.001543316388333075
0.0015625036059951003
0.0015819460859165305
0.0016016476111891896
0.0016216120386094459
0.0016418433059975483
0.0016623454345899113
0.0016831225389310261
0.0017041788359078245
0.001725518657396491
0.0017471464674256886
0.0017690668864058987
0.0017912847270753524
0.0018138050513987784
0.0018366332690429265
0.001859775332256345
0.0018832382238920253
0.0019070325033755005
0.0019311690624506468
0.001955641327686613
0.0019804485471308364
0.0020055920188371055
0.0020310739053941915
0.0020568968900145216
0.0020830640299821118
0.002109578682989182
0.0021364444686121542
0.002163665250296195
0.0021912451322406014
0.002219188470535047
0.0022474999030062605
0.002276184407520155
0.0023052474195724474
0.002334695696649595
0.0023645371995396755
0.0023947774876901438
0.0024254181167625106
0.002456462708257066
0.0024879154592068616
0.0025197807984479277
0.002552063318536664
0.002584767734166533
0.002617898858753333
0.0026514615895212967
0.0026854608970512893
0.0027199018174041524
0.002754789445807174
0.002790128931320259
0.0028259254721235464
0.0028621843111937824
0.002898910732209159
0.002936110055566171
0.0029737876359614015
0.0030119488521843977
0.003050599112291575
0.0030897438430581153
0.0031293884869541084
0.003169538497226155
0.003210199332552256
0.0032513764511551946
0.003293075304229642
0.0033353013284899732
0.0033780599375745884
0.003421356511925035
0.003465196386574995
0.003509584836057733
0.003554527055474596
0.0036000281367560565
0.0036460930344800174
0.003692726479541683
0.003739932716001328
0.003787715799089564
0.003836080320803759
0.003885030666109183
0.003934556550659469
0.003984674076849956
0.004035392351311821
0.004086716421478196
0.004138652609702742
0.004191206730547969
0.004244385232834284
0.004298195240897365
0.004352643339770342
0.004407736006631313
0.00446347963926612
0.004519880391174574
0.0045769443681465275
0.004634679514330823
0.004693093588842493
0.004752194758577637
0.004811992375739937
0.004872500262328105
0.004933717906903494
0.004995647762161731
0.005058293890167874
0.005121660900349041
0.005185753666376904
0.005250577200054413
0.005316136584702759
0.0053824369403215255
0.005449483406316911
0.0055172811825403645
0.005585835523913012
0.005655151825740365
0.0057252356935795345
0.005796093038922455
0.0058677301989485875
0.005940154094816925
0.006013372460624677
0.006087394212492965
0.006162230175244542
0.0062378949775101465
0.006314415602471362
0.0063917990495278324
0.006470044925255011
0.00654915279029206
0.006629126667776795
0.006709971700648483
0.006791693743800581
0.006874299184824084
0.006957794833018212
0.007042187891386558
0.007127485967887816
0.007213697126605244
0.007300829973951867
0.007388893754458729
0.0074778983829889645
0.007567854317514316
0.007658772337886163
0.00775066354751827
0.00784353917949528
0.007937408001410778
0.008032274347721496
0.00812814228665519
0.008225016206409608
0.008322902042005234
0.008421806951649262
0.008521738871288749
0.008622706252740668
0.008724717934765295
0.00882778308539583
0.008931911178612698
0.009037111985888009
0.009143395573113482
0.009250772298762198
0.009359252811704456
0.00946884804816171
0.009579569227634727
0.009691427845983713
0.009804435675851425
0.009918604748572762
0.010033947351545737
0.010150476015320221
0.01026820350037283
0.01038714278165504
0.010507307030686659
0.01062870959496216
0.010751363974433175
0.010875283794822964
0.01100048277752546
0.011126974705833098
0.011254773387233076
0.011383892611505646
0.011514346104351345
0.011646147472007328
0.011779310162111433
0.011913847376757845
0.01204977202237342
0.01218709663251502
0.012325833288709091
0.012465993534814838
0.012607588284624518
0.012750627722421477
0.012895121196223963
0.013041077103454878
0.013188502768789896
0.013337404313955652
0.013487786519270087
0.01363965267674033
0.01379300443456519
0.013947841630286674
0.014104162128282392
0.014261961622177738
0.014421233454610808
0.014581968415146411
0.014744154532133293
0.014907776856071784
0.01507281723473261
0.015239254080341005
0.015407062129214572
0.015576212194322179
0.01574667091131675
0.015918400478679606
0.016091358392705188
0.016265497178146533
0.016440764115436504
0.016617100966315374
0.016794443694063528
0.016972722191758927
0.017151860003624182
0.01733177405297463
0.017512374373410532
0.017693563845615334
0.01787523794139758
0.018057284476691103
0.018239583375291524
0.01842200644516841
0.0186044171692415
0.01878667051255034
0.018968612747776725
0.019150081301097324
0.019330904620350985
0.01951090206482139
0.019689883834692237
0.01986765090176829
0.02004399499722126
0.02021869861768566
0.020391535067666458
0.020562268537194422
0.02073065421626462
0.020896438447474432
0.02105935891813788
0.0212191448930032
0.021375517488536267
0.021528189989554383
0.02167686820880392
0.02182125088987567
0.021961030153637522
0.022095892001562152
0.022225516794840083
0.022349579911684674
0.022467752310449052
0.022579701202079618
0.022685090748536568
0.02278358279942502
0.022874837665090793
0.022958514924188492
0.023034274263485147
0.023101776347426647
0.023160683714762112
0.02321066169930217
0.02325137937167717
0.023282510498763453
0.0233037345172647
0.023314737517917163
0.023315213235748717
0.023304864043933466
0.023283401945664497
0.023250549560685674
0.023206041102112156
0.02314962333932011
0.02308105654268286
0.02300011540596964
0.02290658994229467
0.022800286349622084
0.022681027841992944
0.0225486554428569
0.022403028737166878
0.022244026579246724
0.022071547753879976
0.021885511589578865
0.021685858516874244
0.021472550585929413
0.021245571924265346
0.021004929151724916
0.020750651750573945
0.02048279239826648
0.020201427272867705
0.019906656346038127
0.019598603685578645
0.01927741780006317
0.018943272074162902
0.018596365368576763
0.01823692289972647
0.01786519758424235
0.01748147215723598
0.017086062611243104
0.016679323935381945
0.016261660281194756
0.015833544160639857
0.015395558777601766
0.01494853449605593
0.014494110819738802
0.01403347705117077
0.013564736772570325
0.013086692491232668
0.012598484287418549
0.012099193438706737
0.011586606204320078
0.011060199266767112
0.010521470438614131
0.009970854447492317
0.009408619184596035
0.008834838405692519
0.008249154714243536
0.007649016089901325
0.007043970211606438
0.006447127538236045
0.005848885361903368
0.005242431785256329
0.004624116127366915
0.003991194367230754
0.003341376638042623
0.0026726488166294057
0.0019831853912401446
0.001271301473969884
0.0005354242948118082
-0.00022592458454941483
-0.0010141407049353056
-0.0018305441952094139
-0.0026763845931303473
-0.003552843937644514
-0.004461038567430923
-0.005402019990575131
-0.006376775035765168
-0.0073862254251045685
-0.008431226856961939
-0.009512567650157334
-0.01063096697225852
-0.011787072650803199
-0.012981458543858689
-0.014214621422818246
-0.015486977292897133
-0.016798857041903707
-0.018150501257351258
-0.019542054006111483
-0.0209735552049001
-0.022444931160450876
-0.02395598249730465
-0.025506368321704453
-0.027095584668624446
-0.0287229337702918
-0.030387477471458507
-0.03208796035645425
-0.033822665451283325
-0.03558907224065055
-0.037382255729782085
-0.03918928725620206
-0.04102099895391539
-0.042883182446432556
-0.044777681505484807
-0.04670552593798277
-0.04866732408385515
-0.05066338989261301
-0.052693783646586674
-0.05475829849123264
-0.056856383830678
-0.05898665132331929
-0.06114595581327807
-0.06333652573129178
-0.06556028691904879
-0.06781822199066243
-0.07011095243024698
-0.0724389249417371
-0.07480247597982179
-0.07720186585656322
-0.07963730100009402
-0.08210895054710438
-0.08461696045570517
-0.0871614662541038
-0.08974260561541175
-0.0923605312092104
-0.09501542424105953
-0.09770750894889947
-0.10043706821215637
-0.10320446027876701
-0.1060101363586796
-0.10885465833850463
-0.11173871485575802
-0.11466313175214593
-0.11762886771058802
-0.12063697229530143
-0.12368844202370108
-0.12678374119491967
-0.12992101562524616
-0.13308933327851416
-0.1363156931171609
-0.13962739069943186
-0.1430625193760053
-0.14667446463597084
-0.15042831726200864
-0.15431333962658808
-0.15832531937716646
-0.16246247180295856
-0.16672410866471488
-0.17111009229499952
-0.1756205606356075
-0.18025576990527284
-0.185015995971697
-0.1899014681454387
-0.19491232190394361
-0.20004856384786193
-0.20531004448398998
-0.2106964364874716
-0.21620721686385835
-0.22184165199332925
-0.22759878487224233
-0.23347742407957123
-0.23947613413597307
-0.24559322701882644
-0.25182675466388
-0.258174502333014
-0.26463398276398786
-0.27120243104582276
-0.27787680016889205
-0.28465375732723175
-0.291529680728872
-0.29850065723665287
-0.3055624806135552
-0.31271065048472446
-0.31994037202111014
-0.32724655636752314
-0.3346238218388601
-0.34206649590835886
-0.3495686180112151
-0.3571239431859655
-0.3647259465748487
-0.3723678288030035
-0.38004252225493085
-0.3877426982650763
-0.39546077525617584
-0.4031889277280876
-0.41091909638491564
-0.4186429990400871
-0.4263521425819662
-0.43403783589135175
-0.4416912037274701
-0.44930320157590364
-0.45686463144672435
-0.4643661586053258
-0.4717983292122812
-0.47915158884198655
-0.4864163018430235
-0.49358277149616936
-0.5006412609189396
-0.5075820146585217
-0.5143952808940694
-0.5210713342612124
-0.5276004990084856
-0.5339731726859912
-0.540179850062598
-0.5462111472631032
-0.552057826011798
-0.5577108178792984
-0.5631612484260908
-0.5684004611334402
-0.5734200410101238
-0.5782118377619128
-0.582767988409808
-0.5870809392427787
-0.5911434669911309
-0.5949486991076264
-0.5984901330312788
-0.6017616544085306
-0.6047575539548897
-0.607472543137147
-0.6099017683636169
-0.6120408236738759
-0.6138857618237817
-0.6154331036811667
-0.6166798458530133
-0.6176234664706122
-0.6182619290649479
-0.6185936844704003
-0.6186176707005203
-0.6183333107450907
-0.6177405082427281
-0.6168396409876896
-0.6156315522391167
-0.614117539762235
-0.6122993426533324
-0.6101791258007095
-0.6077594620255852
-0.6050433118254825
-0.6020340006697649
-0.5987351937761404
-0.5951508682747815
-0.591285282635985
-0.5871429431953331
-0.5827285675535845
-0.5780470445519944
-0.5731033904205822
-0.5679027005574103
-0.56245009620732
-0.5567506650253552
-0.5508093943187863
-0.5446310947596731
-0.5382203124941806
-0.5315812257244206
-0.5247175208808367
-0.5176322411705326
-0.510327597048637
-0.502804723112874
-0.49506335785831806
-0.487101409286875
-0.4789143456356386
-0.47049430522325375
-0.4618287235905158
-0.45289804264233413
-0.44367137260209066
-0.43409611649313834
-0.4240463421075647
-0.41338091473492783
-0.4023064915272144
-0.3909221138277515
-0.37928840333236824
-0.36745083924984506
-0.3554463845402365
-0.3433064573507431
-0.3310585696942685
-0.3187273475555603
-0.30633521408821407
-0.2939028681344659
-0.28144962946039387
-0.268993693692586
-0.256552324938261
-0.24414200532376068
-0.23177855505461592
-0.2194772334971299
-0.20725282879826465
-0.19511974296675288
-0.18309207823542842
-0.1711837297238892
-0.15940848224800006
-0.14778004802571254
-0.13631171325064462
-0.12501760401720277
-0.1139146164981502
-0.1030202609756557
-0.09235355284364556
-0.08193610472323885
-0.07179343605174077
-0.061957070482558045
-0.0524684345376419
-0.043388103233606964
-0.03484069576349268
-0.02698890406454644
-0.01961570508583069
-0.012615028901273698
-0.005930658537931924
0.00047503742083539386
0.006629746602143424
0.012555237753677255
0.018269732311282733
0.0237896482421694
0.02913140613997528
0.034315010626788815
0.03937897822684081
0.044342577517988695
0.04915416147063317
0.05377147756399504
0.05812821102772972
0.062206105203693685
0.06606638237061802
0.0697520254102043
0.07329294087416124
0.07670833469341504
0.08001332048568521
0.08322032088850814
0.08633986620125689
0.0893810821234948
0.09235200805144081
0.09525981772101394
0.09811097956832204
0.10091137760164288
0.1036664049206259
0.1063810379475183
0.10905989581362693
0.11170728862441673
0.11432725670094002
0.11692360235673077
0.11949991521996924
0.12205959170626722
0.12460584890584006
0.12714173282928812
0.12967012062350694
0.1321937159866297
0.1347150365327198
0.13723639121761896
0.1397598450326505
0.1422871667965363
0.1448197539187924
0.14735852386326453
0.1499037563542892
0.15245485621775412
0.15500997730055363
0.1575653683218876
0.16011404439932522
0.16264266474790318
0.16510807160881447
0.1675222013737573
0.16993212646797826
0.17235725778469485
0.17480956792580277
0.17729679843385374
0.17982375225736447
0.1823929708734404
0.18500517594740337
0.18765960305069487
0.19035427593550308
0.19308624042385886
0.1958517655888767
0.19864651595190724
0.2014656974724452
0.20430418019706945
0.2071566007007325
0.21001744759362986
0.21288113333562905
0.21574205545973307
0.21859465015134869
0.22143344106771096
0.22425308644369074
0.22704842810167683
0.22981454762831477
0.232546837759736
0.23524110591283898
0.23789374658496432
0.2405020671331665
0.2430647515741494
0.2455898953657431
0.24806822094825715
0.25048461218247586
0.25283051434231013
0.2550985856279563
0.25728228868887765
0.25937564066814817
0.2613730827165643
0.2632694041763957
0.26505969290533543
0.26673929893226345
0.2683038046066424
0.26974899771460864
0.27107084481549326
0.2722654630008271
0.2733290884256848
0.27425803998979675
0.2750486763477771
0.2756973439826917
0.2762003132681421
0.2765536980272185
0.27675335159124437
0.2767947278017741
0.2766726867435002
0.2763812075730978
0.27591293275055956
0.2752583744798299
0.2744043403981911
0.27333005961946
0.2719916108940337
0.2703061287924907
0.2683907219588733
0.26630889018020754
0.2641003591680014
0.26179597376864727
0.2594220100179721
0.2570021102323952
0.2545583752079483
0.2521120841873866
0.24968423389882333
0.2472959919461613
0.2449691229098648
0.24272643318592954
0.24059228322871742
0.23859323282488526
0.23675892675475457
0.2351234210761625
0.2337273761722792
0.23262218253817696
0.23187944849957945
0.2316225274493642
0.2321297097398258
0.2331709458371077
0.23456400471064534
0.23620339591194509
0.2380037161011286
0.2399503478199636
0.2420206171811966
0.2441911886492646
0.24644055884739655
0.24874915397984046
0.251099134932136
0.2534741677857311
0.25585921509219384
0.2582403571374678
0.26060464120278765
0.2629399544665459
0.26523491620142053
0.2674787854973596
0.26966138136214396
0.27177301257820585
0.273804415103656
0.27574669510520533
0.2775912759110902
0.2793298473035895
0.2809543155456836
0.2824567525527687
0.28382934234425183
0.28506432261076725
0.28615391862642187
0.28709026577827945
0.28786531541510824
0.28847071608899477
0.2888976576960052
0.28913665766765595
0.28917725201693895
0.2890075190705276
0.2886132792303596
0.28797657046252084
0.2870720582493798
0.2858517996747909
0.284235862761094
0.2823042628312465
0.2801036405508591
0.2776604801596944
0.27499474373696065
0.27212310917635046
0.2690603096331512
0.26581981192221676
0.2624142026476638
0.2588554256099655
0.2551549360912184
0.25132380549049865
0.24737279484859648
0.24331240823059302
0.23915293285359834
0.2349044705031221
0.23057696361682067
0.22618021849223693
0.22172392804001126
0.21721769649101813
0.2126710690954834
0.2080935711493085
0.2034947633308874
0.19888432585568577
0.1942721964797616
0.18966882006644606
0.18508567823215805
0.18053687030637977
0.17604682226181334
0.17162580028909202
0.1672564567417111
0.1629342349339749
0.15865803665375217
0.15442809556981563
0.1502453231001679
0.14611099928388413
0.14202660191578584
0.1379937025033441
0.1340138987798148
0.1300887691380705
0.12621984119340476
0.12240857001248712
0.11865632329723232
0.11496437179020258
0.11133388373876187
0.1077659225988571
0.10426144737539816
0.10082131509554783
0.09744628509284517
0.0941370246683482
0.09089411589683474
0.08771806327136057
0.08460930193405221
0.0815682062555082
0.07859509854491492
0.07569025769399876
0.07285392758047929
0.07008632508044171
0.06738764756341621
0.06475807976819897
0.06219779998073677
0.05970698545694059
0.05728581704784943
0.054934483031105916
0.05265318206968982
0.05044212538057475
0.04830153803194338
0.04623165936221025
0.04423274243426809
0.04230505234778575
0.04044886304853048
0.03866445191734465
0.036952090712999305
0.035312029973039595
0.03374447072924712
0.03224950954414566
0.03082702089819957
0.02947635497926009
0.028195071450987628
0.0269744953654598
0.025819415717866164
0.024749654644886564
0.023780596862811778
0.022929603587968424
0.022224397547402634
0.021732507168087504
0.02141054235203476
0.021199630983178116
0.0210730548210871
0.02101313488799372
0.021006962519897372
0.02104471204117985
0.02111876562012005
0.02122318292162907
0.021353344218479314
0.021505692668254518
0.02167753907925296
0.021866910065322074
0.022072427612480912
0.022293212617752904
0.022528807045838563
0.022779110756187156
0.02304432999566299
0.023324935245985827
0.023621626651254973
0.023935305676298285
0.02426705199021299
0.024618104852493848
0.02498984851972746
0.025383801406186
0.025801608947015577
0.02624504028671177
0.02671598932993198
0.027216480801686167
0.027748682727788587
0.028314927413238867
0.02891774441355169
0.029559911445108184
0.03024453393937498
0.03097517403963355
0.031756073982463585
0.03259258726845515
0.03349217536188771
0.03446789324550922
0.03554776925512193
0.03670667617443063
0.037927722566100275
0.03920220889656987
0.0405239561817792
0.041888122145282154
0.04329068656367049
0.04472818466559041
0.046197551208663624
0.047696021610137126
0.049221065622288215
0.05077034098931209
0.05234166006372834
0.0539329651673197
0.055542309988670824
0.05716784513074249
0.058807806323418144
0.06046050387535812
0.06212431159863252
0.06379765277241624
0.06547898242327499
0.0671667831541082
0.06885963829530783
0.07055351942466899
0.07224898599978072
0.07394758509104285
0.0756493698321908
0.0773544990737038
0.07906322148953153
0.080775921535424
0.08249317185615784
0.08421578437486704
0.08594486409202315
0.08768187016473955
0.08942868900968651
0.09118772581304302
0.0929620243891718
0.0947554338285874
0.09657285901650157
0.09842068055856776
0.10030750596249215
0.10224735509516045
0.10426219351743657
0.10634393685738545
0.10850357014111074
0.11077697246546153
0.11318243147980325
0.11566533139032668
0.11820104231771332
0.12077271149435657
0.1233654990876704
0.1259622459138467
0.1285324558217047
0.13109946412224588
0.13367687726095687
0.13627069208886408
0.13888435811221522
0.14152002139885778
0.14417902830112173
0.14686218222632638
0.1495698938565474
0.15230227873567276
0.15505922674609895
0.15784045611306874
0.16064555925312823
0.16347404534343066
0.16632538356174578
0.16919905119274956
0.172094592025403
0.17501169439625094
0.1779503061717033
0.18091082207609374
0.1838943952327129
0.18690325453285317
0.18994984711193946
0.19303527897904452
0.19613949447402465
0.1992553732652066
0.20237686978806868
0.20549876388858096
0.20861637146255246
0.21172537058076704
0.21482170298571618
0.21790151521044865
0.2209611212165264
0.22399697747583006
0.2270056655590034
0.22998387938117337
0.23292841533362912
0.23583616413847658
0.2387041036161274
0.24152929176451246
0.24430885967057883
0.24704000383845867
0.24971997753911482
0.25234608076848136
0.2549156483426627
0.25742603554949006
0.2598746005773297
0.26225868277136016
0.2645755749339978
0.26682248770288486
0.26899650208379283
0.2710945040961504
0.2731130905050933
0.2750484241285003
0.2768959913557816
0.2786501372726059
0.2803029309680705
0.28183816230324055
0.28324062728164245
0.2845308670135915
0.2857160816793603
0.28679654790828213
0.2877623632984415
0.2886201536344225
0.28938535854725805
0.29006556868489314
0.2906658576210152
0.29118946685189834
0.2916371355294639
0.29200167453743797
0.29228758239148955
0.2925124282154219
0.29268568415813756
0.2928140482614872
0.29290259156973175
0.29295515192340044
0.2929745848093209
0.29296298008708643
0.29292185853749586
0.2928523404519601
0.29275528012803864
0.2926313665863438
0.29248119572465975
0.2923053205275382
0.2921042855035676
0.2918786502358581
0.29162900559207267
0.2913559850329441
0.2910602726331712
0.29074260883916947
0.2904037945606019
0.290044693848259
0.2896662350579417
0.2892694098970948
0.2888552688420438
0.288424909983724
0.2879794586201818
0.2875200390887287
0.2870469666657989
0.286560831119228
0.2860663809570677
0.2855666570441016
0.28506468019488324
0.2845636547869362
0.2840670681631703
0.28357881434710897
0.28310336620341847
0.2826460476556319
0.2822135279457224
0.281814912680186
0.28146566838961035
0.2811996846532801
0.2810000789540954
0.28084075806814973
0.2807102834505602
0.2806009852391528
0.28050672192251813
0.28042346670589163
0.28034753251910144
0.2802758105102465
0.28020566209269976
0.28013483282451646
0.280061392530803
0.279983692355701
0.2799003329654677
0.2798101402676118
0.27971214629589913
0.27960557372489175
0.2794898228859927
0.27936446060088116
0.27922921021490155
0.27908394242758866
0.2789286665806936
0.2787635221289153
0.2785887700586864
0.2784047840445254
0.27821204114259895
0.2780111118156035
0.2778026490522607
0.27758737625823743
0.27736607337146707
0.27713956011346697
0.27690867418960907
0.2766742411317929
0.27643703909561296
0.2761979675143826
0.2759588247850602
0.27571839638343987
0.2754757491055353
0.2752293164958467
0.27497524666084494
0.27470219377569394
0.2743778906158565
0.27403473605397266
0.2736977533725539
0.2733802490024756
0.2730934833040323
0.2728494944101472
0.27266450515493657
0.2725747682434363
0.272583992892966
0.27265132074157217
0.2727596358387339
0.2728980411844743
0.2730584087273709
0.2732342287805924
0.27342007114194306
0.27361128997406203
0.2738038456238405
0.27399418951490645
0.2741791859362615
0.27435605672913116
0.27452234082668997
0.27467586375190806
0.2748147139132889
0.27493722386425196
0.2750419545020797
0.2751276819679477
0.27519338586955966
0.27523823841016964
0.2752615937597658
0.2752629769379772
0.2752420711138887
0.2751987011665416
0.2751328079629808
0.27504439642693407
0.2749333935908051
0.2747993464582885
0.2746431540218022
0.2744669249435764
0.2742722963890833
0.27406083218650684
0.273834149628797
0.27359394964850575
0.2733420285222552
0.27308028320796973
0.2728107138046778
0.27253542467916136
0.27225662509927745
0.2719766299048952
0.2716978606105423
0.27142284728456406
0.27115423155368096
0.2708947711277549
0.2706473463286433
0.2704149692510855
0.27020079640818534
0.27000814605879037
0.2698405219857474
0.2697016463967585
0.2695955062438321
0.2695264201962528
0.2694991393559574
0.2695190075926698
0.26959223947307936
0.26972647628761215
0.26993233136094574
0.27023095625764915
0.2706375337323938
0.27113006043734683
0.2716988295594119
0.27233975863772864
0.2730510661276696
0.2738326185681389
0.27468594363072146
0.27561488768273285
0.2766280625228091
0.27775255476626165
0.27897381878541355
0.28026106568410797
0.2815990719657727
0.2829764908610693
0.2843837305779198
0.2858119850069736
0.2872523801273609
0.28869341933789666
0.29012083975665
0.2915414645776703
0.29295898179455154
0.29437382576672344
0.29578554054392353
0.29719328295397607
0.2985960156406243
0.2999926003960579
0.30138184846431326
0.3027625496073505
0.30413348980028637
0.30549346251734477
0.3068412762935125
0.3081757600918769
0.30949576737931117
0.3108001794539853
0.3120879083540913
0.31335789954576143
0.314609134503881
0.31584063326272704
0.3170514569355622
0.31824071025795503
0.3194075441215749
0.3205511581043558
0.32167080298447936
0.32276578322694843
0.3238354594321276
0.32487925073715007
0.3258966371631695
0.32688716190382444
0.32785043355288374
0.3287861282716882
0.32969399189974435
0.330573842014523
0.33142556996136857
0.3322491427924262
0.3330446053108387
0.3338120819945453
0.334551779001979
0.33526398620934456
0.3359490793168307
0.3366075220508157
0.33723986848977455
0.337846765539766
0.33842895557883
0.3389872792741462
0.33952267854355844
0.34003619956866743
0.34052899563994904
0.3410023293615386
0.34145757322492426
0.3418962064452011
0.34231980338455886
0.34273000235113676
0.34312842436412727
0.3435164399436561
0.3438942031845474
0.34425553056195296
0.3446145585801519
0.345004472039849
0.3454195967423386
0.3458613820318845
0.34633658469941064
0.34685742002967984
0.3474533454217724
0.3481431431728381
0.3488927078868591
0.349687695904313
0.3505195776522071
0.3513821015698393
0.35227025156998604
0.3531797812190425
0.35410696605156455
0.35504845688219505
0.35600118605830283
0.3569623039056169
0.3579291334703267
0.3588991368552946
0.35986988914205853
0.36083905737033917
0.3618043828903112
0.36276366588827474
0.36371475114642354
0.3646555142687887
0.36558384744556344
0.36649764395966705
0.36739478007368453
0.36827309250762863
0.36913034856431526
0.36996420382321465
0.3707721378631966
0.37155134821971597
0.3722985555267004
0.3730095820178302
0.3736781054460809
0.37428875230054015
0.3748441939104874
0.3753601450571898
0.37584330742773203
0.3762981857484743
0.37672828432600486
0.37713655255540696
0.3775256084006395
0.3778978730224546
0.3782556654299296
0.37860128091915535
0.37893706968708507
0.3792655338629923
0.3795894753044073
0.3799122763653834
0.38023863351501713
0.3805786860096532
0.3809373517190493
0.381302833147481
0.38167006236024226
0.38203577961683155
0.38239741292863505
0.38275273309808877
0.3830996975087361
0.38343636570273065
0.3837608477614163
0.38407126898263405
0.3843657423653043
0.38464234334012665
0.38489908151399604
0.3851338618721649
0.38534442009593267
0.38552819710722874
0.3856820997947147
0.38579952271981677
0.3858813659388616
0.38592988864289135
0.3859451982284727
0.385926947925437
0.3858745439754215
0.38578724914246654
0.38566423635147135
0.38550462028971977
0.38530747792756026
0.3850718627748231
0.3847968152396672
0.3844813703409875
0.3841245634544691
0.38372543443582424
0.38328303020861687
0.38279640560365247
0.382264621726671
0.3816867402894816
0.3810618119878017
0.3803888640224739
0.3796669230463912
0.3788951163591935
0.3780727017678936
0.37719893462605825
0.3762729879255195
0.37529393403016686
0.37426071181878096
0.3731720466563123
0.37202624399868406
0.37082021047852526
0.3695498077586374
0.3682181019650109
0.36682746765505625
0.3653785879197096
0.3638714368907557
0.36230533650893465
0.36067870883587305
0.35898822953188625
0.35722368920053443
0.3553831783314195
0.35348187341013154
0.35152692700923904
0.3495234730082696
0.34747575421643706
0.34538750385924677
0.3432621213276375
0.3411027673801397
0.33891242113336256
0.33669391660339293
0.33444996732387433
0.33218318365077465
0.32989608526783665
0.3275911105402311
0.3252706237036431
0.3229369205731697
0.32059223324999536
0.31823873417824255
0.3158785398259088
0.3135137142158711
0.31114627250653587
0.30877818481208213
0.3064113804579998
0.30404775288999697
0.3016891654980735
0.2993374587049983
0.2969944587017842
0.2946619886896497
0.2923418833940448
0.2900360087126612
0.28774628933559904
0.2854747498813129
0.28322358121765995
0.2809952605315195
0.27879281236431835
0.2766205556070108
0.2744879123132815
0.27239061984343377
0.27032367490982817
0.2682853324172844
0.2662747707885769
0.26429165989739906
0.26233599015208253
0.2604079879796524
0.25850806840448354
0.25663680661332605
0.25479492056641945
0.2529832609325928
0.2512028064914127
0.2494546640706724
0.24774007536854323
0.2460604471671545
0.2444173570138047
0.24281228527179502
0.24124666152340088
0.23972216769210095
0.23824075186857702
0.2368046414346579
0.23541642473189175
0.23407923366835595
0.2327971633276179
0.2315771384913153
0.23042917087006698
0.2293443840742476
0.22832057417102145
0.22735662556364225
0.22645195832791823
0.22560627559540944
0.22481944954102223
0.22409146585046874
0.2234223954386157
0.2228123809104146
0.22226163211861602
0.22177042811372777
0.22133912425452182
0.22096816417314447
0.22065809698786634
0.22040960100861615
0.22022351635766235
0.2201008910422748
0.22004304925317902
0.2200517003808705
0.22012913354285363
0.22027863701236391
0.22050609207944954
0.22082375692401734
0.22122656580392586
0.22170567752771894
0.22225755215030252
0.22288007216587016
0.22357189611822095
0.22433225020091274
0.2251608691186007
0.22605802953080373
0.2270246862355821
0.22806279967967033
0.22917626814223518
0.23037591573305785
0.23167214745907921
0.2330469051043155
0.23448791537837324
0.23598774701476158
0.2375404985189902
0.23914096196937887
0.24078425613899695
0.2424655825680019
0.24417999443136718
0.24592207977769465
0.24768531919475376
0.24945942530613566
0.2512292758062698
0.25300653638001575
0.2547969852769179
0.2566027932217422
0.25842491107342175
0.26026363693705
0.26211885429832554
0.2639901547332748
0.2658769093669342
0.26777831421887693
0.2696934209765927
0.27162115909625
0.2735603525136551
0.27550973283638114
0.27746795025353377
0.27943358286767656
0.2814051449571993
0.28338109449433563
0.28535984014209836
0.2873397478837213
0.2893191473909266
0.291296338204563
0.2932695957779626
0.29523717741660144
0.2971973281351941
0.2991482864438958
0.30108829006781457
0.3030155815939708
0.30492841406294396
0.3068250564337087
0.30870379898725137
0.31056295859075994
0.3124008838261474
0.31421595995672363
0.3160066137087923
0.3177713178446518
0.31950859550403404
0.32121702429235693
0.3228952400962679
0.32454194060970604
0.32615588855689476
0.3277359146021721
0.32928091994010456
0.33078987856080444
0.3322618392021064
0.3336959269615515
0.3350913446128476
0.3364473736026943
0.3377633747474834
0.3390387886355031
0.34027313574242096
0.3414660162675484
0.3426171096978561
0.3437261741060408
0.34479304518814796
0.3458176350454486
0.34679993071443443
0.3477399924479971
0.3486379517500291
0.34949400916298684
0.3503084318208203
0.35108155073728514
0.35181375786833385
0.35250550291583754
0.35315728988081574
0.3537696733581299
0.3543432545641342
0.3548786770853742
0.3553766223318815
0.3558378046724451
0.3562629662206624
0.3566528712286263
0.35700830002799655
0.35733004243328503
0.3576188904849814
0.35787563035415726
0.35810103313025043
0.35829584408829723
0.35846076972553725
0.3585964614094452
0.35870349347371
0.3587823314327359
0.35883328045267804
0.35885638720533775
0.3588512157974833
0.3588153876663367
0.3587481965817286
0.35865462247843155
0.3585368871601881
0.35839659674551905
0.35823498833030604
0.3580530253931751
0.3578514274863937
0.3576306679471533
0.3573909472370451
0.3571321372752872
0.3568536776156284
0.3565543691122078
0.35623187727795846
0.35588043040920364
0.35549057410387525
0.3550740462825656
0.3546381366405131
0.3541870812791331
0.35372408237130126
0.3532517699964439
0.3527723973506904
0.3522879428568911
0.35180017104054745
0.35131067189345294
0.3508208887759331
0.3503321391261105
0.34984563087606524
0.349362476139137
0.3488837031726066
0.3484102672744288
0.3479430610633607
0.3474829244606825
0.34703065460810195
0.3465870159032073
0.3461527503018953
0.34572858802194223
0.34531525878210995
0.3449135037295677
0.34452408824338115
0.3441478158918728
0.3437855439215618
0.34343820089651356
0.3431068074588305
0.3427925018361702
0.342496572924037
0.3422205061442057
0.34196605239484673
0.34173534284896867
0.3415311084923074
0.3413572012984423
0.34122113461894926
0.3411342155575863
0.34108405283749244
0.34106310639235765
0.3410679546900244
0.3410966218439399
0.341148024538188
0.3412217915133251
0.34131829327287366
0.34143897153274244
0.3415890583423919
0.3417711318131028
0.3419752497977762
0.34219709575451474
0.3424334636502991
0.34268170414858135
0.3429394810227571
0.34320465772599
0.34347523599689894
0.3437493193820912
0.34402509024625505
0.3443007947370361
0.3445747326359402
0.34484525033440083
0.34511073577090295
0.3453696145311032
0.34562034650033924
0.3458614225461443
0.3460913607185525
0.34630870138691505
0.34651200055651743
0.34669982025684576
0.3468707142060025
0.34702320555002886
0.3471557503384806
0.34726667242020887
0.3473540308346363
0.3474152434628079
0.34744502728288973
0.34744137827319976
0.347408979069603
0.3473499326975651
0.34726549537979196
0.3471566648161246
0.3470243490606058
0.34686949226377933
0.34669304385864025
0.34649567945658705
0.34627813361198134
0.34604125961219045
0.3457859787974303
0.3455132725779735
0.3452241835245083
0.3449198182920356
0.3446013516629648
0.3442700322683252
0.3439271909350487
0.3435742531364484
0.3432127579012458
0.342844387208593
0.34247101332825586
0.3420947793835285
0.3417182490801813
0.34134473026842294
0.340979261447816
0.3406334560918121
0.34030584943341835
0.3399868469389757
0.33967230406670446
0.3393593126027975
0.33904548134593404
0.3387286880098462
0.33840696615691895
0.33807844690418615
0.3377413270328798
0.3373938512840789
0.33703430284331115
0.3366609987752603
0.3362722885235601
0.33586655430770423
0.33544221265137764
0.33499771651155025
0.3345315576176433
0.3340422687144307
0.3335284254319098
0.332988647563496
0.33242159945201655
0.3318259892173843
0.33120056644505796
0.33054411784754145
0.32985546020983314
0.3291334295983703
0.3283768652445396
0.32758458549090463
0.3267553512271164
0.3258878081563076
0.3249803897128166
0.32403113645902637
0.32303729600986114
0.3219938802925592
0.32088922756837995
0.31973035040569003
0.31852768640944346
0.31728647654374015
0.316010687675499
0.3147037052432789
0.3133685953384583
0.3120082346263087
0.3106253848798342
0.30922274077111245
0.30780296402430607
0.30636871107310515
0.30492265900488713
0.30346753398430837
0.30200614711318313
0.3005414452717217
0.299076590770345
0.29761509961217814
0.29616111550728935
0.29472009107348723
0.2933022991919993
0.2919202645305641
0.2905593888921181
0.28921156593699116
0.2878722893203503
0.28653819732872915
0.2852065014658603
0.28387474227106896
0.28254066133930456
0.2812021249694248
0.2798570736570298
0.2785034852431595
0.277139345129264
0.27576261934021634
0.27437122735368236
0.2729630115956866
0.2715356999033438
0.2700868554100689
0.2686138043070597
0.26711352282856143
0.2655824415391157
0.26401605248044396
0.2624078880609728
0.26074366176235825
0.2590161211175617
0.2572415733393853
0.2554267199448601
0.2535757697116007
0.25169192887411035
0.2497778773402724
0.24783598130775145
0.24586840399582383
0.24387716717765925
0.2418641832277567
0.23983126201250957
0.23778007753959687
0.235712038573034
0.23362884443451812
0.23153299185042278
0.22942672485753293
0.22731211021323133
0.2251911557154725
0.2230658391738439
0.2209381195568133
0.2188099429845164
0.2166832468093608
0.21455996227626825
0.21244201667965695
0.21033133517569294
0.2082298424878211
0.20613946466133867
0.20406213099477002
0.20199977626597462
0.1999543433751219
0.19792778654421284
0.19592207524557675
0.19393919908449644
0.1919811739425237
0.1900500498132054
0.1881479209571654
0.18627693931836714
0.18443933266107995
0.1826374298026205
0.18087369699171357
0.17915079282797086
0.17747165643528054
0.17583966187157393
0.17425892711173666
0.17273509015757854
0.1712794047151721
0.1699024941503947
0.16858868746819575
0.16733179177072957
0.16612800482283369
0.16497453712914312
0.16386913591752592
0.16280987664659005
0.16179505436449607
0.16082312106116692
0.1598926471576043
0.15900229689669965
0.15815081231781686
0.15733700284728236
0.15655973875851315
0.15581794743851543
0.15511061180539187
0.1544367704826355
0.15379551951820264
0.1531860155790947
0.15260748068198424
0.15205920865989198
0.15154057373677152
0.15105104184434193
0.15059018563987392
0.15015770488752253
0.14975345486148192
0.14937748750399377
0.14903011415270426
0.14871200781534377
0.14842438592475596
0.1481693776419121
0.14795099523745953
0.14778215227102298
0.14766449971948986
0.1475793019741451
0.14751686071529455
0.1474700510635171
0.14743206912089532
0.14739295532109076
0.14734916599930445
0.14730567687009985
0.14726358971116166
0.147223036153991
0.14718382698055346
0.14714450071671734
0.14710488090349838
0.1470672125150238
0.14703234035063883
0.14700124426429512
0.14697510661297442
0.1469554578274957
0.14694442810935293
0.1469453107807166
0.14696501995116346
0.147016289906319
0.14708695114191395
0.14716643829709808
0.14724820577973638
0.14732610407596541
0.1473928528487534
0.14743470474742607
0.14744098197637262
0.14742973534449322
0.1474084615248343
0.14738134975208353
0.14735123974137337
0.14732019234876662
0.14728974932737848
0.14726109526389392
0.1472351592131069
0.14721267434851548
0.14719421578095523
0.1471802275468417
0.14717104341785067
0.1471669035365991
0.14716796803164395
0.14717432837284375
0.14718601700436237
0.14720301564336327
0.147225262528189
0.1472526588259556
0.14728507435677782
0.1473223527539671
0.14736431615216572
0.14741076947556128
0.14746150438245717
0.1475163029239504
0.14757494093372342
0.1476371912199986
0.1477028265730871
0.14777162263975196
0.14784336071150195
0.14791783048841506
0.14799483290024854
0.14807418309679282
0.14815571376328807
0.1482392789786171
0.14832475891809122
0.14841206581045654
0.14850115168381497
0.14859201855362142
0.14868473179582786
0.14877943714209585
0.1488763820576974
0.1489759405959374
0.14907864133110135
0.14918519736159372
0.14929653916767865
0.149413855133346
0.149538652483046
0.14967286817504744
0.14981910564064124
0.14998119263785373
0.15016812080651737
0.15038553049488973
0.15062041884797384
0.15086824760308704
0.15112598861944215
0.15139140654785438
0.15166271065250106
0.15193839053882174
0.15221712628665712
0.15249773396997807
0.15277913026757708
0.15306030834120946
0.15334032082989227
0.15361826758562436
0.15389328670924904
0.1541645479682496
0.15443124798686478
0.15469260678879812
0.15494786539380773
0.15519628424891077
0.15543714232750802
0.1556697367733143
0.15589338297204294
0.15610741498551453
0.15631118626372156
0.15650407058022753
0.1566854631376434
0.15685478179697557
0.15701146838953622
0.1571549900740887
0.1572848407052112
0.15740054218163388
0.15750164574566838
0.15758773320686184
0.15765841806471179
0.1577133465067308
0.15775219826140857
0.1577746872720162
0.15778056220167588
0.15776960670758755
0.15774163949576844
0.15769651412384694
0.15763411853413692
0.15755437429707952
0.15745723554512678
0.15734268757731418
0.1572107451152981
0.1570614501927467
0.15689486966197191
0.15671109230489336
0.15651022554017904
0.15629239172503887
0.15605772406453108
0.15580636211276078
0.15553844698028302
0.15525411618143456
0.15495349826165275
0.15463670724041245
0.1543038369486798
0.15395495533019818
0.1535900987576474
0.153209266376133
0.152812414418098
0.15239945032008756
0.15197022629014295
0.15152453171234487
0.15106208352642178
0.15058251448049112
0.15008539080960018
0.14957030435818194
0.14903627157272445
0.14848219662551243
0.14790662957250642
0.1473073310361809
0.146679283656124
0.14601689315745825
0.14532820306089456
0.14461791013414854
0.14388863583464503
0.14314231027095506
0.14238048608980516
0.14160447312355778
0.14081540921958863
0.14001430175982763
0.13920205368013636
0.13837948040342296
0.1375473210238303
0.13670624485141905
0.13585684989838
0.1349996678736871
0.13413520242705768
0.1332638908946621
0.1323861006981122
0.1315021321766058
0.13061221450434454
0.1297164987822329
0.12881504822010956
0.12790782422425467
0.12699466614893018
0.12607526051813125
0.12514909128721308
0.1242153522581515
0.12327277174113238
0.12231917491354273
0.12134930710110663
0.12035580578382786
0.11935004185133573
0.11833888464118941
0.1173274098367795
0.11632164303829035
0.11533146363394017
0.11435302435764795
0.11337959193541751
0.11240858881130289
0.11143851319008093
0.1104683731945374
0.10949748382294333
0.10852536710402222
0.10755169582111943
0.10657625826583757
0.10559893470820822
0.10461968060803353
0.10363851396849329
0.1026555052890504
0.1016707691392112
0.10068445667327303
0.09969674854963491
0.09870784775029016
0.09771797171710968
0.09672734298297309
0.09573617693622821
0.09474466414501835
0.0937529418571613
0.09276104391665167
0.09176882602204064
0.09077525854932782
0.08977833183396802
0.08878251351348611
0.08778948958713961
0.08680071730629284
0.08581750146308079
0.08484106239355688
0.08387257601059914
0.0829131970583876
0.0819640742189768
0.08102636117404784
0.08010122567081066
0.07918985775428994
0.07829347793961507
0.07741334590844673
0.07655077038359429
0.07570712076645093
0.07488384148405085
0.07408247028319971
0.07330466243177933
0.07255222406248621
0.07182716041468144
0.0711317501650611
0.07046867035273902
0.06984123521160077
0.06925392711594588
0.068715124356543
0.06823464949553021
0.06780290095223349
0.06742039694083107
0.0670813112050821
0.06678194959485022
0.06652018485214511
0.06629452967789727
0.06610388328142544
0.06594740902456057
0.06582446593840441
0.06573456742645421
0.06567735610266771
0.06565258973059496
0.06566013611688021
0.06569997660575047
0.06577221940891327
0.06587712607232137
0.06601515798627022
0.06618705750193923
0.06639399772627365
0.06663789637702215
0.0669222742211578
0.06725729048790487
0.06764452244820977
0.06806931251250607
0.06852504479642686
0.06900724584273532
0.06951240123196939
0.07003755174729638
0.07058009892711428
0.07113769301855026
0.07170815957375096
0.07228944558269285
0.07287957495564315
0.07347660639524066
0.07407858694301317
0.07468349173341068
0.07528913185908144
0.07589298599259345
0.07649181010013335
0.07708007070193948
0.07764781157930749
0.07820443090432651
0.07875626349644785
0.079307149911291
0.07986063472153564
0.08042111612892626
0.08099791158805628
0.0815945202122821
0.08220229852620865
0.0828182207160416
0.0834406746546021
0.0840685759164946
0.08470100388783976
0.08533717068439106
0.08597672037231104
0.08661948428286327
0.08726518217832727
0.08791343457543595
0.08856379759531573
0.0892157764932227
0.08986883082476416
0.0905223771517431
0.09117579104959705
0.09182840892062419
0.09247952976439662
0.09312841695268247
0.09377430003078517
0.0944163765327534
0.09505381383096125
0.09568575100079198
0.0963113007026453
0.09692955107526284
0.09753956763482646
0.09814039517367022
0.09873105965177958
0.09931057007349418
0.09987792034097892
0.10043209107505754
0.10097205139290216
0.10149676063078975
0.10200516999867809
0.10249622416268049
0.10296886267183446
0.1034220213764782
0.1038546335926454
0.10426563115378347
0.10465394525134986
0.10501850703809582
0.10535824794843401
0.10567209967937922
0.10595899376068878
0.10621786062221138
0.10644762803720882
0.10664721877796159
0.10681554725666388
0.10695151482735146
0.10705400326983087
0.10712186571933767
0.10715391386271167
0.10714889938194862
0.10710548599535796
0.10702220478457634
0.10689737631909409
0.1067289546289346
0.10651411114510612
0.1062469208719789
0.10592402909943914
0.10555184671357261
0.10513299040142857
0.10466882884073954
0.10416022330928947
0.10360772427160023
0.1030116421903253
0.10237205740397026
0.10168877518191784
0.10096119048039554
0.10018802061632259
0.09936393595756636
0.09849052920566174
0.09757404679984058
0.09661734915179282
0.09562273489529119
0.09459220741786314
0.09352761680917715
0.09243073092906978
0.09130327513813082
0.09014695839026665
0.0889635345814797
0.08775473170458382
0.08652213312817242
0.08526740040724021
0.08399221018179437
0.08269824492374153
0.08138719101994185
0.0800607369562395
0.07872057185737037
0.07736838458204306
0.07600586344650834
0.07463469662807981
0.07325657331744688
0.07187318572477057
0.07048623209896382
0.06909742099934993
0.06770847717808262
0.06632114961583617
0.06493722255313075
0.06355853083321628
0.062186981837856016
0.06082458785341568
0.059473516300810735
0.0581361731123304
0.05681535556797378
0.05551458054652651
0.05423901033851876
0.053000993247182854
0.05179901787542788
0.05062121670352783
0.0494628763367576
0.04832098464952857
0.047193393383614966
0.04607850966942921
0.04497510575905116
0.043882217656292126
0.04279908442181358
0.04172510796006036
0.040659824593699836
0.03960288390812518
0.03855403220820388
0.03751309883419587
0.036479984036252674
0.035454647315779506
0.034437095229319245
0.03342736773193337
0.032425522365189766
0.03143161615940353
0.030445686148858037
0.029467730736064894
0.028497695155652106
0.027535464061282912
0.02658086255334321
0.02563366431816807
0.02469360383646702
0.023760389271954886
0.022833713624670737
0.021913263027113796
0.02099872205583078
0.020089776445867392
0.01918611373942891
0.01828742234303844
0.01739338933379124
0.01650369720940962
0.015618019641624443
0.014736016168440497
0.013857325636206876
0.012981558069067742
0.012108284431577673
0.011237023507064894
0.010367224604478649
0.00949824398246258
0.008629311217656754
0.0077594782155054895
0.006887535104559287
0.006011853340230388
0.005130027758702673
0.004237651938731341
0.0033248228076976443
0.0024001774034881633
0.0014701846600946413
0.0005381707582313689
-0.0003935242295770843
-0.0013230818737972878
-0.002249013619488931
-0.00317006140230275
-0.0040851390454050285
-0.00499329469841178
-0.005893685361991626
-0.006785558918404355
-0.007668241108126682
-0.008541125919819264
-0.00940366842750304
-0.010255379447091132
-0.011095821608632086
-0.011924606623565199
-0.012741393752656554
-0.013545889926598297
-0.014337853003655598
-0.015117101066898644
-0.01588352295505417
-0.016637034129600825
-0.017377465661882467
-0.018104612007383124
-0.018818328316388216
-0.019518533065546417
-0.020205193019498444
-0.020878315430757976
-0.02153794449541574
-0.022184159480168147
-0.022817073526654307
-0.023436832777502158
-0.024043615689415262
-0.02463763247965114
-0.025219124689292178
-0.02578836485625973
-0.02634565633863925
-0.02689133329087938
-0.02742576086565406
-0.027949335704902087
-0.02846248682417188
-0.028965677035844524
-0.029459405120096076
-0.0299442090490379
-0.03042067072222684
-0.030889422923155677
-0.03135115963967223
-0.03180665168036131
-0.03225677105624207
-0.03270253086072993
-0.03314515514572642
-0.03358621502440338
-0.034027945927419714
-0.03447445579515402
-0.03493511722572855
-0.03540249539873231
-0.03586782829669652
-0.036324617808322725
-0.03676972112305625
-0.037204641414964504
-0.03762918819606176
-0.03804280945693785
-0.03844485239212241
-0.03883462880542275
-0.03921143762206358
-0.03957457293910573
-0.03992332591222416
-0.04025698336517542
-0.040574823814144845
-0.04087611083837748
-0.041160082433236
-0.041425933476684475
-0.04167278433908523
-0.04189961596504593
-0.04210509207956119
-0.04228653182096489
-0.04244315782500441
-0.04257717272773984
-0.04268930766664375
-0.0427799300019304
-0.04284925311711126
-0.04289740430056724
-0.04292445284435328
-0.042930420387344966
-0.04291527949055701
-0.04287893985392639
-0.04282121468965759
-0.04274175162267727
-0.042639982894901514
-0.042512692544137934
-0.04236243165552598
-0.04219173494907822
-0.04200189752704169
-0.041793983220929844
-0.04156891325367649
-0.04132752514619803
-0.04107060419546949
-0.040798901625027084
-0.040513145920987516
-0.04021405030299222
-0.039902317888736535
-0.039578645312215326
-0.03924372534449934
-0.038898248806217006
-0.03854290598046353
-0.03817838766754606
-0.03780538598332789
-0.03742459497787325
-0.037036711135453974
-0.036642433807938656
-0.03624246562972775
-0.03583751296325636
-0.03542828643005492
-0.03501550159483235
-0.034599879892363204
-0.034182149921278854
-0.03376304930042949
-0.03334332738260633
-0.032923749345911815
-0.03250510260840536
-0.03208820750018002
-0.03167393672818359
-0.03126325660495491
-0.03085733925735764
-0.03045801021102998
-0.030070298439702135
-0.029694050414361926
-0.02932586461834911
-0.028964970505287315
-0.028611119388213216
-0.028264277296018676
-0.027924531050467386
-0.02759204610567973
-0.02726704244279057
-0.026949777786350045
-0.026640532998650837
-0.026339595545261524
-0.026047234258022127
-0.02576364148624991
-0.02548870224857547
-0.025221624293581255
-0.024963459543329028
-0.024716608036774605
-0.02448287705470116
-0.024263850627139302
-0.024061111458882872
-0.023876346903088545
-0.023711442239534964
-0.02356860856935522
-0.023450614834484886
-0.023361406531132146
-0.023308095478241288
-0.023300739288832157
-0.023334659437507257
-0.023399103271619887
-0.023489306117501378
-0.023602049783578754
-0.02373485730152605
-0.023885693570904885
-0.024052818486225584
-0.024234703451723322
-0.024429979391411005
-0.02463740225472826
-0.024855829041531875
-0.02508420053705071
-0.025321528538963852
-0.02556688620441413
-0.025819400636960154
-0.02607824712549615
-0.026342644630901746
-0.026611852235093787
-0.02688516634644945
-0.027161918509755724
-0.027441473706570137
-0.02772322905846569
-0.02800661286435616
-0.02829108391592356
-0.028576131043125348
-0.02886127284518807
-0.02914605755929154
-0.029430063012433623
-0.029712896574277007
-0.029994194988645115
-0.030273623867168524
-0.030550876440668385
-0.030825670743327375
-0.03109774336755812
-0.03136683493834019
-0.031632651285826666
-0.03189471842704413
-0.03215184207747318
-0.03240555424400682
-0.032657355589930534
-0.032908242877635344
-0.03315916841924274
-0.03341118905081377
-0.03366563189478916
-0.0339244625449583
-0.03419229798586862
-0.03447053588423939
-0.03475414694643624
-0.0350410097521344
-0.035329727483887435
-0.03561920211114712
-0.035908495383396265
-0.036196764807745176
-0.03648322842826748
-0.036767142840958084
-0.037047787883553236
-0.03732445473264113
-0.037596435462782136
-0.03786301257298279
-0.0381234468901856
-0.03837696144963313
-0.03862271674149234
-0.03885976614511011
-0.03908695556314638
-0.039302557928769716
-0.039503628138160954
-0.0396918046300047
-0.03986792159438543
-0.040032220865567285
-0.04018476737656807
-0.04032554744275337
-0.04045450905327245
-0.04057158066170754
-0.040676680057275615
-0.04076972120901838
-0.04085062124884349
-0.0409193052913885
-0.04097570882866778
-0.04101977885830948
-0.04105147447839792
-0.0410707672275523
-0.04107764126334863
-0.041072093416818244
-0.0410541331457705
-0.041023782404369935
-0.040981075442958384
-0.04092605854912876
-0.0408587897384424
-0.04077933840100005
-0.04068778490861756
-0.040584220183763384
-0.04046874523691074
-0.04034147066700976
-0.04020251613014169
-0.040052009774083
-0.0398900876381377
-0.03971689301665647
-0.03953257578398631
-0.039337291677808466
-0.03913120153686558
-0.03891447048787769
-0.038687267074907834
-0.03844976232243432
-0.03820212872075111
-0.0379445391188027
-0.037677165508994165
-0.037400177653012824
-0.03711374157561325
-0.0368180177964616
-0.036513159295863705
-0.036199309097739725
-0.03587659734190488
-0.03554513765183351
-0.03520502250482335
-0.034856317145300755
-0.034499051289485896
-0.0341332073218553
-0.03375870257454377
-0.03337536079140036
-0.03298286144199158
-0.032580635456881286
-0.03216762045251395
-0.03174044601872927
-0.03129894636335653
-0.030847711955305238
-0.03038875101893261
-0.029923569113304606
-0.02945342578638362
-0.028979446763397986
-0.028502678362627196
-0.02802411859696082
-0.02754473711321535
-0.027065489004811937
-0.026587324682668497
-0.026111196369240888
-0.02563805987103851
-0.025168864921298703
-0.024704501106930673
-0.024245342638284262
-0.023791929389723975
-0.02335196182212261
-0.02293429581941899
-0.02253219091109673
-0.022141773340220005
-0.02176120900569002
-0.02138929434163955
-0.021025149530407572
-0.0206680928760386
-0.020317576963085296
-0.019973151678865073
-0.019634440771712013
-0.01930112597026514
-0.018972935666010018
-0.018649636521327964
-0.018331027051246198
-0.018016932580764738
-0.017707201211567495
-0.01740170053580654
-0.017100314926770086
-0.016802943283107236
-0.016509497138293576
-0.016219899070791736
-0.01593408136728764
-0.015651984903825578
-0.015373558219160685
-0.015098756762241606
-0.014827542302192406
-0.014559882495092016
-0.014295750607801815
-0.014035125402747399
-0.013777991215479873
-0.013524338208382825
-0.013274162893858403
-0.013027468947164493
-0.012784268415130267
-0.012544583458085016
-0.012308448845575642
-0.012075915566034321
-0.011847056166111952
-0.011621972937447126
-0.011400811147992476
-0.011183782104201876
-0.01097120723470774
-0.010763598680173883
-0.010561891583119851
-0.010369453748477846
-0.010182167581787787
-0.00999847849709814
-0.009817257755713078
-0.009637599663424179
-0.009458716483406808
-0.00927988094000758
-0.009100389924114044
-0.00891953454217348
-0.008736567685420278
-0.008550658803966707
-0.008360813817376196
-0.008165685674173818
-0.00796265947992683
-0.007748729657575041
-0.0075277918620232365
-0.007301532726868129
-0.007070964180764885
-0.006836837109945491
-0.006599769184221998
-0.006360300344253637
-0.006118921769708756
-0.005876092770169208
-0.00563225140210178
-0.005387821527790526
-0.005143217730501653
-0.004898848884861382
-0.004655120865243104
-0.0044124387023256415
-0.004171208399999158
-0.003931838568637902
-0.0036947420000260902
-0.0034603372957201454
-0.0032290506595375797
-0.0030013179781161084
-0.0027775873338425003
-0.0025583221339845904
-0.0023440050903088157
-0.0021351433543291046
-0.0019322752076794546
-0.0017359788415237875
-0.0015468839796894548
-0.0013656875304873081
-0.0011931753912932284
-0.0010302546917726478
-0.0008780060250523102
-0.0007377797130588247
-0.0006114110526655766
-0.0005018647254711042
-0.00041624149729647015
-0.0003502685479463828
-0.0002993384255914123
-0.0002613437931758347
-0.00023486550005052565
-0.00021883004746593598
-0.0002123733323990085
-0.00021477229286996744
-0.0002254057266128199
-0.00024372979454562698
-0.00026926172041212256
-0.0003015683776157824
-0.0003402578006762485
-0.00038497196936563893
-0.0004353784976688127
-0.0004911626376931823
-0.000552047208266981
-0.0006178096978424107
-0.0006882492784280538
-0.0007631785967386161
-0.0008424259627858394
-0.0009258355083673424
-0.001013267078423208
-0.0011045961615401127
-0.0011997137839913406
-0.0012985263816567994
-0.0014009556933221254
-0.0015069387102007513
-0.0016164277074260539
-0.0017293903827589594
-0.0018458101376480126
-0.001965686562026053
-0.0020890362498410405
-0.0022158942434522917
-0.0023463168927031065
-0.0024803881631693145
-0.002618233168700397
-0.002760031997730969
-0.0029059589717387777
-0.0030560525028834854
-0.003210297504120153
-0.0033687345397652485
-0.003531457523111333
-0.00369859903275455
-0.003870325592469856
-0.004046839259597454
-0.00422838390163541
-0.004415257379693892
-0.0046078339292216
-0.004806608015279567
-0.005012302874531157
-0.005226320932450361
-0.005451253266903613
-0.005686136822122273
-0.005928397267279951
-0.006176737576936611
-0.006430279535678759
-0.006688315645280081
-0.0069502393856911955
-0.007215513709441
-0.007483653972217745
-0.007754217830114689
-0.008026798925388327
-0.008301022815263227
-0.008576544330546611
-0.008853045901158332
-0.009130236592170606
-0.009407851688667347
-0.009685652744607153
-0.009963428054872218
-0.010240993547588605
-0.010518194129691582
-0.010794905559893058
-0.01107103697789727
-0.011346534299236757
-0.011621384812789773
-0.011895623533231342
-0.012169342245613937
-0.012442702915443906
-0.012715958664412148
-0.0129894890416747
-0.013263865729536532
-0.01353999645529964
-0.013819561365202957
-0.01410736535179801
-0.014401942820816414
-0.014697127657728508
-0.014989305364188514
-0.01527726488856552
-0.015559794265228594
-0.015833692590591877
-0.016099185219251043
-0.016358450360726886
-0.016612121800827998
-0.01686043142588891
-0.017103398723016673
-0.01734088119597336
-0.017572552333231534
-0.01779760508127971
-0.018015402235331053
-0.01822681370616176
-0.018432147594129648
-0.018631532756832363
-0.01882502442676353
-0.01901263661871768
-0.019194357484007846
-0.019370158083750994
-0.019539998002454033
-0.01970382920043575
-0.01986159873573936
-0.020013250586213935
-0.020158726434033564
-0.020297964920608046
-0.020430900635347884
-0.020557472751522782
-0.02067764509237325
-0.020791403745240404
-0.020898738083950773
-0.020999636484994148
-0.021094089423771556
-0.02118209169780541
-0.021263643487448778
-0.021338750896259338
-0.021407426270249368
-0.021469688406337225
-0.021525562692855486
-0.02157508120191357
-0.021618282753004838
-0.021655212905221054
-0.021685924007536724
-0.021710475144606736
-0.021728932105358912
-0.021741367326413196
-0.021747859820071738
-0.021748495087916635
-0.021743365020759145
-0.02173256778545561
-0.02171620769893423
-0.021694395089641112
-0.021667246146517737
-0.021634882755547487
-0.02159743232385543
-0.021555027591303566
-0.021507806429735557
-0.021455911628271356
-0.021399490668134485
-0.021338695481871367
-0.02127368220023738
-0.02120461088472089
-0.021131645245097138
-0.021054952340738425
-0.020974702263788326
-0.020891067801410722
-0.020804224073023025
-0.020714348136547756
-0.020621618554993486
-0.020526214910695
-0.020428317248647517
-0.02032810542147358
-0.02022575829667227
-0.02012145275005971
-0.020015362368059213
-0.019907655617206713
-0.019798493053360944
-0.019688022439689843
-0.019576371211695694
-0.019463647730009356
-0.01934994213005276
-0.019235286267224774
-0.019119586486703095
-0.019002435052591832
-0.01888224557682971
-0.018760610964920873
-0.018639575788751736
-0.01852042435049514
-0.018404299901748373
-0.0182923449681383
-0.018185804830925807
-0.018086185761591198
-0.01799568533662131
-0.017919362263377172
-0.017855448544739243
-0.017799867088372123
-0.01775090092991913
-0.017707426647520737
-0.017668603136375378
-0.017633754741534554
-0.01760231397422079
-0.01757378923898565
-0.01754774500767604
-0.01752378890967931
-0.017501562957942404
-0.017480737462812326
-0.01746100655306626
-0.017442084991658353
-0.01742370574333675
-0.017405618129195877
-0.01738758639507138
-0.017369388583566788
-0.017350815633285565
-0.017331670651584363
-0.01731176832255616
-0.017290934422400907
-0.017269005421453067
-0.017245828156998474
-0.01722125956436125
-0.017195166456077306
-0.017167425340794656
-0.01713792227359242
-0.017106552733823808
-0.017073221521438132
-0.017037842669231806
-0.01700033936542019
-0.01696064388256543
-0.016918697509140258
-0.01687445048039542
-0.016827861905574653
-0.016778899688885168
-0.016727540441991727
-0.01667376938615863
-0.016617580242523217
-0.01655897510934332
-0.016497964325430863
-0.016434566320719164
-0.01636880744578117
-0.016300721801102175
-0.016230351039714586
-0.01615774416491996
-0.01608295731675969
-0.016006053551019306
-0.015927102613875293
-0.01584618071610677
-0.015763370311787504
-0.015678759887619447
-0.015592443770684842
-0.015504521964552249
-0.015415100026654738
-0.015324289004123989
-0.015232205451595562
-0.015138971564285099
-0.0150447154753682
-0.014949571793731532
-0.014853682506828019
-0.014757198473417325
-0.01466028198158276
-0.014563111701168533
-0.014465894931354183
-0.014368904297467736
-0.014272540109162204
-0.014177136784042244
-0.014082563713801807
-0.013988616225321568
-0.01389524304138005
-0.013802468464429752
-0.013710355801182874
-0.013618998486036777
-0.013528519510121956
-0.013439075263294733
-0.01335086386078892
-0.013264140408581706
-0.013179245459813395
-0.0130966644424978
-0.013017184776968104
-0.012942815018312624
-0.012874759538433206
-0.012809565609623316
-0.012745359973369482
-0.012680540765790916
-0.012615370252405037
-0.012549653579358963
-0.012483016459083795
-0.012414842211943528
-0.012343838872117254
-0.01227075375587917
-0.012196573033100918
-0.012121740626748747
-0.01204657984422546
-0.011971362268050376
-0.011896338196713051
-0.0118217537253841
-0.011747862567416415
-0.011674935962367556
-0.011603272590966662
-0.011533210173383896
-0.011465140972548247
-0.011399535176792468
-0.011336980982744466
-0.011278265980980607
-0.0112245970617516
-0.011178872052961563
-0.011141530138405322
-0.01110968946411932
-0.01108218646686368
-0.011058268957412819
-0.01103736327919607
-0.0110189933385197
-0.011002742244510578
-0.010988230574894542
-0.010975102206232146
-0.010963013620501555
-0.0109516242193495
-0.01094058527216585
-0.010929523413382939
-0.010918006945330301
-0.010905427162601615
-0.01089074649831346
-0.010874485919031198
-0.010856995395691663
-0.010838380341336645
-0.010818678419318594
-0.010797896380207736
-0.010776024893269518
-0.010753045940148719
-0.010728936957235188
-0.010703673328892037
-0.010677229957527684
-0.010649582279446913
-0.0106207069303648
-0.010590582180714297
-0.010559188217091398
-0.010526507306546171
-0.01049252390422894
-0.01045722468843108
-0.010420598566993634
-0.010382636654725039
-0.010343332231794207
-0.01030268068905472
-0.01026067946475803
-0.010217327976032102
-0.01017262754770703
-0.010126581340480001
-0.010079194279967146
-0.010030472987851827
-0.009980425716074796
-0.00992906228480594
-0.009876394025295058
-0.00982243372489871
-0.009767195582438139
-0.009710695163696523
-0.009652949364991784
-0.009593976381781355
-0.009533795682816825
-0.009472427989788559
-0.009409895262348245
-0.009346220688350455
-0.009281428679114046
-0.009215544869472481
-0.00914859612235848
-0.009080610537654002
-0.00901161746503503
-0.008941647520552114
-0.008870732607473997
-0.008798905936687597
-0.008726202057783393
-0.0086526568859246
-0.008578307735732808
-0.008503193358100125
-0.008427353981234896
-0.008350831356856275
-0.008273668812910629
-0.008195911314803623
-0.008117605537995882
-0.008038799956008386
-0.007959544949595547
-0.007879892945348908
-0.007799898595763604
-0.007719619018645243
-0.007639114123648382
-0.00755844706591313
-0.007477684905362372
-0.007396899584257368
-0.007316169458934427
-0.0072355818454664066
-0.007155237654964917
-0.007075261422578719
