0.0013357076294050801
0.0013636604430152148
0.0013924063464789773
0.0014219693963725161
0.0014523740471948225
0.001483645167480946
0.0015158080723923237
0.0015488885837026728
0.0015829131388629698
0.0016179090144855658
0.0016539047804784656
0.0016909299078554513
0.0017290273028854161
0.0017682291055023873
0.0018085399204111233
0.0018499786949527487
0.0018925646987593924
0.0019363182177202618
0.0019812598314128066
0.002027410145294112
0.0020747896404024967
0.0021234185729664527
0.002173316900086048
0.002224504221181681
0.002276999729750124
0.002330822172396814
0.002385989813365362
0.0024425204034722475
0.002500431152747589
0.0025597387063156798
0.002620459123184451
0.00268260785769262
0.0027461997372567487
0.002811248973101475
0.002877769111508826
0.0029457730483807504
0.00301527301444733
0.003086280567548781
0.0031588065849344404
0.0032328612538797636
0.0033084540573109084
0.003385593748268904
0.0034642883031523438
0.0035445448420787454
0.0036263695176621496
0.003709767425459033
0.003794742665815679
0.003881298508780206
0.003969436537702186
0.0040591536199574675
0.004150449156411515
0.004243341779998415
0.004337855555025075
0.004434016525488831
0.004531819658698891
0.00463125889034305
0.004732333973719969
0.004835046192651296
0.004939397600994615
0.005045390739738956
0.0051530285185598275
0.0052623141711955045
0.005373251247954016
0.005485843628246667
0.005600095552715097
0.005716011622689872
0.005833596884658691
0.00595285683908399
0.006073797492732716
0.006196425406871464
0.006320747749808605
0.006446772354815291
0.006574507785118432
0.006703963408636365
0.006835149486700105
0.006968077283700122
0.0071027592095777746
0.007239209017067917
0.007377442097820562
0.007517475979498301
0.007659331367162126
0.007803033879401532
0.007948631534492847
0.008096140128825273
0.008245547254172949
0.008396859271105938
0.008550086214797189
0.00870524051223488
0.008862336214631379
0.0090213886604498
0.009182414293558188
0.009345430555269905
0.00951045581611028
0.009677509330844967
0.00984661120809975
0.010017782389702787
0.010191044636862073
0.01036642052183373
0.010543933422821956
0.01072360752372147
0.010905467816507893
0.011089540107270136
0.011275851025998578
0.011464428040678914
0.011655299476537756
0.011848494541673048
0.012044043360839708
0.012241977019962097
0.01244232762521549
0.012645128382651442
0.012850413708200238
0.013058219385471146
0.01326858280726759
0.01348154336671074
0.013697143238868482
0.013915429521739329
0.014136463787053534
0.014360287201330387
0.014586923757352512
0.014816409737813247
0.0150487854132358
0.01528409405802959
0.01552238197700497
0.015763699231282388
0.01600810278162413
0.016255657025578248
0.016506410682211422
0.016760445120876908
0.01701781350750747
0.017278539608423623
0.017542660455260966
0.01781021968281997
0.018081263848114124
0.018355841341467248
0.01863400191134916
0.01891579634705851
0.01920127621539984
0.019490493591144038
0.019783500726619715
0.020080349578362536
0.020381091051127825
0.020685773898593083
0.020994444276465338
0.02130714892862511
0.021623876285421957
0.02194456912987057
0.02226950070204059
0.022598771576257125
0.02293248140742927
0.02327072999861766
0.023613614788276126
0.023961229612065472
0.024313664938523546
0.02467111837162715
0.02503393737375596
0.025401858101039735
0.025774954322707277
0.026153306660669336
0.026536990625586225
0.02692607560516459
0.027320622342970842
0.02772066645528902
0.028126257671503768
0.028537400327502672
0.02895420515095325
0.029376885145754643
0.029805599578536648
0.030240482463480465
0.030681678384338967
0.031129325484233635
0.031583557508566874
0.03204450641960182
0.03251230310514849
0.032987077540486104
0.0334689585469303
0.03395807304831959
0.03445454436467942
0.03495848789465822
0.03546998678749334
0.03598914561776316
0.036516179662841645
0.03705124947764423
0.037594516937697005
0.03814613927385849
0.038706261324914365
0.03927501269442588
0.039852557114482344
0.04043904167668197
0.04103460306908693
0.041639284857663834
0.04225319184386474
0.04287666806439578
0.043509912104380925
0.044153117278691596
0.04480647208376732
0.045470160590683435
0.04614436325206652
0.04682925740472218
0.04752501745651198
0.04823181486750313
0.04894981799717149
0.04967919185756051
0.05042009779525483
0.051172693116058765
0.05193713066128713
0.052713558341663434
0.053502118633052
0.05430294803716114
0.055116176508337125
0.055941926856531085
0.05678031410811243
0.05763144485306599
0.05849541656005266
0.05937231686906648
0.06026222286207775
0.06116520031349505
0.06208130292241958
0.06301057152880983
0.06395303331585046
0.06490870100099609
0.06587757201835914
0.06685962769530594
0.06785483242633258
0.06886313284749694
0.06988445701796862
0.070918713594074
0.07196579104514027
0.07302555685513999
0.07409785675910735
0.07518251400101972
0.07627932862067381
0.07738807677428892
0.07850851009370155
0.07964035508910863
0.08078331260040403
0.08193705730220185
0.08310123726767146
0.08427547359630667
0.08545936011071795
0.08665246312747474
0.08785432130715302
0.08906444558714283
0.09028231920466816
0.09150739781104997
0.09273910968367244
0.09397685603876461
0.09522001144870365
0.09646792436710117
0.09771991776453343
0.09897528987737554
0.1002333150717487
0.10149324482410826
0.10275430881951106
0.10401571616806024
0.105276656739485
0.10653630261524472
0.10779380965020548
0.10904831918152069
0.11029895978663878
0.11154484921129344
0.1127850963738178
0.11401880347653941
0.11524506821387029
0.11646298607178997
0.11767165271287594
0.11887016644053193
0.12005763073558509
0.12123315685798729
0.12239586650596708
0.12354489452463328
0.12467939165575327
0.12579852732020066
0.12690149243093793
0.1279875021890065
0.1290557989501437
0.130105655025866
0.13113637550562365
0.13214730105422062
0.13313781068312774
0.13410732448867915
0.13505530635090524
0.13598126658773307
0.13688476456046245
0.13776541122790842
0.13862287164838014
0.13945686743087235
0.1402671791395298
0.1410536486587743
0.141816181548506
0.14255474929881778
0.143269391774917
0.14396021952772753
0.14462741627873454
0.1452712415287266
0.14589203338239135
0.14649021168733828
0.1470662816188136
0.14762083788588842
0.14815456979616
0.14866826750137274
0.14916282986668752
0.14963927457810838
0.15009875135117332
0.1505425594694216
0.1509721714412834
0.1513892653154034
0.15179576979781695
0.15219392809674848
0.1525863908530083
0.1529763560842058
0.1533677916106755
0.1537658210004097
0.1541775028210382
0.15461395127515462
0.1551025016035433
0.15564678105666163
0.1562154591939864
0.15679591036690316
0.15738301888708903
0.15797290387011986
0.15856248105995813
0.15914938638106182
0.1597318120464201
0.16030839511171757
0.16087814405070644
0.16144039243862332
0.1619947731832443
0.1625412099313668
0.16307992510626912
0.16361146768630236
0.16413677125265194
0.1646572720777255
0.1651751289310578
0.16569350476201425
0.16622166603297586
0.16675593069386743
0.16729244575486513
0.1678309169101494
0.16837178463584335
0.16891621040994256
0.1694661265946594
0.1700244399461165
0.1705955394860913
0.17118761002080982
0.17181784636507694
0.1724767953241905
0.1731550555851335
0.17384836960879427
0.17455415071261715
0.1752706196324032
0.1759965022490011
0.176730883140935
0.17747312289786302
0.17822280740282084
0.17897971501133725
0.17974379463485946
0.1805151508902932
0.1812940341161959
0.18208083392238547
0.18287607544687914
0.1836804178042863
0.18449465441112772
0.1853197150125568
0.1861566693381738
0.18700673239817922
0.18787127150570143
0.1887518151846363
0.1896500642016391
0.19056790505918803
0.19150742635502782
0.19247093868852638
0.1934609987651155
0.19448043882171803
0.19553240271991745
0.19662039059869765
0.1977483147090385
0.19892057017256606
0.20014212618541247
0.20141864616697538
0.20275665066515872
0.2041637470532667
0.20564897169709928
0.20722334230974127
0.20890086935268867
0.2107008874779849
0.21265926178719088
0.21481091649727393
0.21714617155123264
0.21969415297270128
0.22241397625106407
0.2252693218951687
0.22823538448946404
0.2312847400035401
0.2344174687961895
0.23763385675524604
0.24093136303733592
0.2443073100947024
0.2477592242117134
0.25128491422737315
0.25488248197246166
0.25855031304314385
0.2622870628936679
0.2660916435542781
0.2699632122724151
0.27390116263793857
0.27790511791614203
0.2819749262187127
0.28611065703092414
0.2903125985462386
0.29458125518631034
0.298917344590395
0.3033217932415837
0.3077957297683109
0.3123404748450261
0.3169575265643883
0.3216485402388892
0.3264153018900227
0.33125969541739647
0.33618366408783307
0.3411891686951248
0.34627814532912515
0.3514524666343712
0.3567139101076322
0.3620641358454641
0.36750467439761736
0.3730369236178005
0.3786621521780214
0.3843815069708931
0.3901960218663856
0.39610662592204593
0.40211414986924965
0.4082193303171746
0.41442281156079047
0.4207251450927237
0.42712678719009467
0.4336280947437357
0.4402293197311539
0.44693060255451184
0.4537319644747343
0.4606332993278074
0.46763436467659786
0.4747347725251376
0.48193397970199725
0.4892312780042802
0.4966257841829399
0.5041164298427158
0.511701951325048
0.5193808796393959
0.5271515304356903
0.5350119945074178
0.5429601278233912
0.5509935425714824
0.559109598214591
0.5673053930494107
0.5755777562629931
0.5839232405534642
0.5923381153816574
0.6008183609203959
0.6093596627679171
0.6179574074912434
0.6266066790642384
0.6353022562635539
0.6440386110837317
0.6528099082302593
0.6616100057478915
0.6704324568281236
0.6792705128658802
0.688117127780924
0.6969649636649082
0.7058063977794838
0.7146335309352313
0.7234381972736064
0.7322119754675754
0.7409462013497549
0.7496319819696773
0.7582602110744471
0.7668215859992973
0.7753066259468396
0.7837056916258239
0.7920090062122259
0.8002066775760422
0.8082887217898608
0.8162450876846209
0.8240656826165484
0.8317403991941855
0.8392591429528062
0.8466118608746481
0.85378857065889
0.8607793906394262
0.8675745702432757
0.8741645208776609
0.8805398471298758
0.8866913781605921
0.8926101991687238
0.8982876828040888
0.9037155204031387
0.9088857529322991
0.9137908014587148
0.9184234971649117
0.9227771106038265
0.9268453802146128
0.930622539933449
0.934103345802356
0.9372831014768263
0.9401576825408429
0.942723559546912
0.9449778197087779
0.9469181871859563
0.9485430419119097
0.9498514369317597
0.9508431142311424
0.9515185190550286
0.951878812708578
0.9519258840368938
0.951662359247924
0.951091610704785
0.9502177643987683
0.9490457064191189
0.9475810885806959
0.9458303334407212
0.9438006389842565
0.9414999833135146
0.938937129740252
0.9361216327546565
0.9330638454306487
0.9297749289285843
0.9262668648750806
0.922552471539959
0.9186454249120919
0.9145602858662872
0.9103125351817358
0.9059186179184612
0.9013959995770906
0.8967632366071583
0.8920400645641549
0.8872475080580282
0.8824080178672269
0.8775456424364466
0.872686243854263
0.8678577730738654
0.8630906269889296
0.8584181236753871
0.853877157044917
0.8495091399802959
0.845361443340165
0.8414897603693658
0.8379624023778184
0.8348693704606023
0.8323475218834565
0.8307317591184641
0.8300969500920555
0.8300007953404223
0.8302568811721179
0.8307429213858588
0.8313742415916587
0.8320874251467965
0.8328289285176703
0.8335539168805579
0.8342242844925529
0.8348073185463626
0.8352747363714824
0.8356019645212023
0.8357675826412189
0.8357528839853567
0.835541519153
0.8351192003493922
0.8344734492551751
0.8335933752754324
0.8324694727892628
0.8310934261855238
0.8294579094115047
0.8275563606753201
0.8253826975904119
0.8229308967457956
0.8201942403024454
0.8171638711694224
0.813815430169729
0.8101546109483686
0.8062039291092887
0.80197086633005
0.7974554224870327
0.792640423103252
0.7875591050778302
0.78225219757136
0.7767559491142239
0.7711282107532389
0.7653337359798055
0.7593656534994253
0.7532238712585657
0.746911178237286
0.740432035744588
0.7337919911429183
0.7269973745034658
0.7200551212072037
0.7129726573489015
0.7057578199844466
0.6984187983204649
0.6909640886377741
0.6834024589462974
0.6757429210877584
0.6679947089161736
0.6601672616486001
0.652270211662509
0.6443133760185658
0.6363067508778115
0.6282605078260859
0.6201849909884292
0.6120907137889644
0.6039883543602261
0.5958887489166573
0.5878028830665667
0.5797418815141246
0.5717169974857735
0.5637396036977962
0.5558211871414094
0.547973350171059
0.5402078204134156
0.5325364719201764
0.5249713598201813
0.5175247704821914
0.5102092887213651
0.5030378823047362
0.49602400014657955
0.48918166819681885
0.48252552578216995
0.47607059958224895
0.4698280220617011
0.4638176458904657
0.45808462774308484
0.45267378817482434
0.4476442037629545
0.44310534404015856
0.439219880768239
0.43582768949323714
0.43284785536638026
0.43026394168670246
0.4280181575707347
0.4260705155925824
0.424396507034113
0.4229793939979483
0.4218087707631772
0.4208810809768956
0.4202059679784126
0.419832728954394
0.41971530882311914
0.4198159552075253
0.4201128238350654
0.4205899023677368
0.42123472613384355
0.4220373510518579
0.4229897829751524
0.4240856198256046
0.4253198090615059
0.4266884742958896
0.4281887863882423
0.42981886453182044
0.43157769816020314
0.4334650832631965
0.4354815687967447
0.4376284091091118
0.43990751958107255
0.44232143253662354
0.4448732508103715
0.44756659652277575
0.45040555294970414
0.4533945980271265
0.45653852917825544
0.459842380904505
0.4633113389058748
0.46695065711475364
0.47076558643467087
0.47476132563140744
0.47894300554680785
0.4833157180186172
0.4878846028285508
0.49265501134077655
0.49763278199492583
0.5028247015789308
0.5082393280816545
0.5138886742877387
0.5197931309819538
0.5260067948105702
0.5325475306978534
0.5393332398530087
0.5463198083794006
0.5534775308641376
0.5607817011526167
0.5682101460511694
0.5757420934933561
0.5833575348788356
0.5910368136532826
0.5987603255926244
0.6065082697475846
0.6142604088072642
0.6219957995348954
0.6296924399796731
0.6373267379314889
0.6448725877106863
0.6522994552282948
0.6595668719024428
0.6665940959338366
0.6733668447128126
0.6799457056472195
0.6863493712913257
0.6925860143380398
0.6986591901414152
0.7045698615225254
0.7103173653013151
0.7158999539508079
0.7213151322709134
0.7265598827387751
0.7316308251413375
0.7365243348934474
0.7412366340587891
0.7457638635816136
0.7501021421251141
0.7542476150623489
0.758196496018504
0.7619451026262674
0.7654898876680164
0.7688274664285263
0.7719546409808711
0.7748684215763475
0.7775660458422936
0.7800449957546286
0.7823030126817409
0.7843381106191696
0.7861485877191995
0.7877330361944324
0.7890903506559207
0.7902197349333512
0.7911207074154102
0.7917931049423339
0.7922370852788361
0.7924531281937328
0.7924420351720358
0.7922049278034596
0.7917432447710747
0.7910587377298919
0.790153465763084
0.7890297887092025
0.7876903592962029
0.7861381141410024
0.7843762636591122
0.7824082809318266
0.7802378895809384
0.7778690507032856
0.7753059489192758
0.7725529775910236
0.7696147232666486
0.766495949407733
0.7632015794566476
0.7597366792986981
0.7561064391801067
0.7523161551156089
0.7483712098609082
0.7442770534736244
0.7400391835117524
0.7356631249018841
0.7311544095038514
0.7265185553898357
0.7217610458458438
0.7168873080913388
0.7119026916983852
0.7068124466742841
0.701621701150477
0.6963354385941908
0.6909584744263565
0.6854954319131521
0.6799507169597035
0.6743284919120497
0.6686326474558077
0.662866772480701
0.657034121036219
0.6511375754095373
0.6451796039230034
0.639162211435099
0.6330868795793329
0.6269544922572291
0.6207652393762337
0.6145184874200965
0.6082125972994946
0.6018446537342212
0.5954100349446874
0.5889016628637543
0.5823085055055288
0.5756117654726564
0.5687640542417188
0.5617245126180169
0.5545757723494448
0.5473568118264972
0.5400920245028454
0.5327995573316106
0.5254929343545824
0.518179388157656
0.5108778029745721
0.5036076116858023
0.496385306115359
0.4892277216019849
0.4821549181171212
0.4752063504142059
0.4683964879388175
0.4616800930248301
0.4550425514756677
0.44847549832297834
0.44197376259678234
0.43553401860920865
0.4291541525396185
0.42283291332805234
0.41656969943817046
0.4103644188680021
0.4042173921208369
0.3981292820351736
0.3921010413024119
0.386133872172965
0.3802291949271632
0.374388622934257
0.3686139428400398
0.3629070991102229
0.35727018221067136
0.3517054202673094
0.3462151740753955
0.34080193557744826
0.3354683301117473
0.3302171229536778
0.32505123095327026
0.3199737404603253
0.3149879332972442
0.31009732341453544
0.3053057082702264
0.30061724133713713
0.2960365363077358
0.29156882135446066
0.2872201769407329
0.2829979238666109
0.27891129939595516
0.27497270352289116
0.2711996113841263
0.26761159943094703
0.26420987640472005
0.2609754556569278
0.25788910776718704
0.2549359531518849
0.25210439586118244
0.24938513497946757
0.2467705469629374
0.24425429321130887
0.241831057324139
0.23949636023354706
0.2372464246860271
0.23507807226413138
0.23298864323917076
0.23097593269164166
0.22903813888396118
0.2271738211247713
0.22538186526177234
0.22366145553110614
0.22201205190617568
0.22043337239756428
0.2189253800046325
0.2174882742421994
0.2161224873916654
0.21482868588607712
0.2136077775734401
0.2124609260781407
0.21138957416166096
0.2103954792181456
0.209480765828445
0.20864800397128191
0.20790032825774143
0.207241628268155
0.20667687561461418
0.20621275592088317
0.20585914018066107
0.20563474021616182
0.2055749745415707
0.20564178872649605
0.20581653514806478
0.20608850948116475
0.20645008435344334
0.20689534298124765
0.20741950015652114
0.2080186192219445
0.20868947229557597
0.20942949174823847
0.21023680596273192
0.21111039708844248
0.21205054032499246
0.21306063124514718
0.2141523455101543
0.21531788862069762
0.21653933411437407
0.21780652323448993
0.21911141796252456
0.2204466575605318
0.22180502322363477
0.2231793807024314
0.2245638384972118
0.22595634728501773
0.22735916505981227
0.2287762238373424
0.2302113877507566
0.23166816324531223
0.23314984206766
0.23465969947314227
0.23620120192427818
0.23777826594773716
0.2393956776357881
0.24106002329112575
0.2427848493736089
0.2445866208578457
0.24644549906113317
0.24834977177097173
0.2502931165373382
0.25227103455226124
0.2542799158787662
0.25631664373313556
0.25837837403375485
0.2604623923703469
0.26256601167187393
0.26468649408583866
0.26682098876146604
0.26896648064825207
0.2711197464582337
0.2732773133329134
0.27543541324782483
0.27758991969801916
0.2797362325873275
0.2818689726925679
0.2839806968436243
0.2860626195936663
0.2881152023247789
0.29013831440952875
0.2921294754994951
0.2940852383350037
0.2960013411217836
0.2978724189195778
0.2996905584365297
0.30144117028647266
0.30312928742797013
0.3047619762342163
0.30634087048919406
0.3078661331434322
0.3093371278023123
0.31075265997764673
0.3121110397101281
0.3134099763255281
0.31464543331361183
0.31581254854003615
0.31691519358413806
0.3179545604400116
0.3189306445408093
0.31984293088858534
0.32069177851786873
0.3214775097219742
0.3222001650162117
0.3228597587347593
0.3234563487646963
0.3239900685409477
0.3244611507554983
0.32486994791366025
0.3252169514395899
0.32550281050599317
0.32572835164157704
0.3258946004485338
0.326002807183883
0.32605447888563094
0.32605142248991925
0.32599580697887226
0.32589026056900344
0.3257380387641935
0.32554335425682607
0.3253122411496082
0.3250582529941273
0.324787379291938
0.324487647156903
0.32415402320386627
0.3237839105323332
0.3233755977532883
0.3229277719308336
0.322439271360019
0.32190890551415857
0.3213352813390809
0.3207165888292923
0.32005026820266463
0.3193323381322399
0.3185550134110898
0.3177020221575147
0.3167854563325325
0.31581460352409696
0.31479336945928293
0.31372358714194715
0.3126053767410537
0.3114364885421967
0.3102073845710062
0.30891669329540217
0.3075786617737733
0.30619981077913694
0.30478432328183885
0.30333533266665874
0.30185535163640936
0.3003464942023171
0.2988106142983604
0.29724940272636075
0.2956644600403903
0.29405735401680055
0.29242966650179003
0.29078303258770904
0.2891191741076341
0.2874399289636243
0.2857472773420535
0.28404336596281793
0.2823305311584423
0.2806113217265925
0.2788885225127574
0.2771651798723929
0.27544463057925644
0.2737305367322879
0.2720269318176256
0.2703382897804913
0.2686696279115627
0.2670265229857041
0.2654149450988397
0.2638415257542113
0.2623139945409305
0.260841511549698
0.25943522287672993
0.2581093490154206
0.25688366611404284
0.2557920242207947
0.2549089822626239
0.2541843491820364
0.2535707259784622
0.2530457840345609
0.2525941995123352
0.25220420081876516
0.2518661837300906
0.2515720137516865
0.2513146258897167
0.2510877748417335
0.2508858696335004
0.2507038594183141
0.25053715186777825
0.2503815516876291
0.25023320022936774
0.25008849003748046
0.24994421439444678
0.2497975986846609
0.24964606348708918
0.249487261400107
0.24931909531943722
0.24913972016067865
0.24894754429423305
0.24874123369330106
0.24851972043421777
0.24828221750230722
0.24802823866922172
0.24775761816632977
0.2474705562277856
0.24716743308684927
0.24684851412338615
0.24651447598225698
0.24616651923486196
0.24580631774339282
0.24543604330707278
0.24505842724619417
0.24467684843316553
0.24429545312070805
0.24391931924258825
0.24355468581739131
0.24320928137244424
0.24289281091852957
0.24261771669416457
0.2424004687405216
0.24226408049574616
0.24224449639702794
0.2424265758811384
0.24285981574449542
0.24343464035297635
0.24410541285317383
0.2448451180756402
0.24563470439807422
0.2464596864682667
0.24730854194228408
0.24817180508373987
0.24904149867936565
0.24991075532719376
0.2507735551151028
0.25162453933701934
0.2524588757136604
0.25327215990937707
0.2540603423977713
0.2548196739451454
0.2555466645619115
0.2562380524035884
0.25689078006666677
0.25750197641452605
0.25806894255514207
0.2585891409393523
0.2590601867984664
0.2594798413218823
0.25984600610880954
0.2601567185268392
0.2604101476834419
0.2606045907695888
0.2607384695863903
0.26081032706212565
0.26081882364530024
0.26076273341653566
0.2606409398059869
0.2604524307946475
0.26019629347792056
0.2598717078626195
0.25947793975503475
0.2590143325764282
0.2584802979109737
0.2578753045460949
0.25719886570058903
0.2564505240428496
0.2556298339653201
0.25473634037375353
0.25376955297067044
0.2527289144316188
0.25161376023601684
0.25042326642066204
0.24915637924254097
0.24781171623460652
0.24638741904756448
0.2448809179940424
0.24328851509283358
0.24160452150854897
0.23981887278567754
0.23790336010358168
0.23585669637475093
0.23371577476900166
0.23149749477016038
0.22921373178591423
0.22687411500602983
0.2244869803375708
0.22205981769502534
0.2195995173165177
0.21711251986194088
0.21460491472554719
0.21208250815159896
0.20955087272289613
0.20701538491985655
0.20448125489546606
0.20195355120549505
0.1994372224425803
0.19693711729295918
0.1944580043449929
0.1920045929825977
0.18958155693525025
0.18719356230590692
0.1848453035005417
0.1825415510684522
0.1802872199826545
0.17808747329101945
0.17594789284518011
0.17387479427196761
0.171875946871671
0.16996361405758625
0.1681600701096348
0.16645785553725378
0.164839120336261
0.16329661677211044
0.1618262227973402
0.16042522831301953
0.15909178804198373
0.15782465916637356
0.1566230582924165
0.15548657978815533
0.1544151503387746
0.15340900762978318
0.15246869722427375
0.15159508505041439
0.15078938511673545
0.15005320392110832
0.14938860505277785
0.1487982002852668
0.14828527794773463
0.1478539873908178
0.147509614150707
0.1472590148880153
0.1471113673068725
0.14707965214952975
0.1471843937810522
0.1474738736671013
0.14798876845613712
0.14865209352431738
0.14943055572543124
0.15030418829101255
0.15125872378753588
0.15228317348095066
0.15336871583844292
0.1545080760983812
0.15569513213717143
0.1569246392929313
0.15819202547387629
0.15949323390547823
0.16082460322436956
0.16218277965849037
0.16356465683631333
0.16496733759149473
0.16638811128572975
0.16782444041888125
0.16927395170454398
0.17073442858005766
0.17220380368005395
0.17368015085473665
0.1751616768807433
0.1766467132436677
0.17813370842209802
0.17962122108636513
0.18110791461118608
0.1825925533338901
0.18407400110095723
0.18555122293199136
0.18702329100925658
0.18848939729928374
0.18994887677585656
0.19140124925659757
0.1928462972280828
0.19428422344040833
0.19571604522942915
0.19714548226871312
0.1985814898403059
0.2000141008636599
0.20142801410383201
0.2028069008333847
0.20415161546630295
0.20546570397024658
0.20674893891012025
0.2080002354099709
0.2092180809663459
0.2104006827257353
0.21154601501845735
0.21265181622816381
0.2137155411920976
0.2147342450173045
0.2157042988463552
0.21662016524933184
0.21747268843303988
0.2182653008547931
0.2190015566983348
0.21968238621519676
0.22030801829852123
0.22087836015008294
0.22139313801162264
0.22185196447076752
0.22225437217784402
0.2225998273908608
0.22288772648481878
0.223117368610956
0.2232878706497162
0.2233979014825893
0.223445923864894
0.2234319399905207
0.22335571639725035
0.2232157614235231
0.22300673030401189
0.22272884633503312
0.2223888679688756
0.22199163723388896
0.22154090386531342
0.22103974275026375
0.2204909878774752
0.21989741459402654
0.2192618556214064
0.21858731327521178
0.21787711310580657
0.21713519534284675
0.21636705857720864
0.21558328990501308
0.2147846465225313
0.2139637149901228
0.21311801315184875
0.21224650590458324
0.21134877140249803
0.2104247456708909
0.20947460232054452
0.20849868502959765
0.20749746572272504
0.20647151624650179
0.20542148818657227
0.2043480976186898
0.20325211305981253
0.20213434555539359
0.20099564023232278
0.19983686888206562
0.198658923285822
0.19746270908981986
0.19624914010452435
0.1950191329481574
0.19377360198933635
0.19251345456988542
0.19123958651000858
0.18995287790977156
0.18865418928690808
0.18734435807646505
0.18602419554763885
0.18469448418002754
0.18335597554488603
0.18200938873059208
0.18065540934225885
0.17929468909291052
0.17792784598850983
0.1765554650923242
0.17517809983671684
0.17379627383364885
0.17241048312009924
0.1710211987622729
0.16962886972515093
0.16823392596784142
0.16683678154763332
0.16543783781219087
0.16403748647175367
0.16263611252756638
0.1612340969845407
0.15983181929583673
0.15842965949877807
0.1570280000129693
0.15562722708223845
0.1542277318517394
0.15282991108001576
0.151434167492982
0.1500409097925703
0.14865055233735477
0.1472635145116132
0.14588021983120097
0.1445010947476562
0.1431265672597645
0.14175706529526858
0.140393014912884
0.13903483834491384
0.13768295190396948
0.1363377637761665
0.13499967172192634
0.13366906070419676
0.13234630046258167
0.13103174305058204
0.12972572035187965
0.1284285415904508
0.12714049084818632
0.12586182463458634
0.12459276932909902
0.12333351898546138
0.1220842328701938
0.12084503322355213
0.11961600306001141
0.11839718404783538
0.11718857447388491
0.11599012729761106
0.11480174829480115
0.11362329428640623
0.11245457143965028
0.11129533361605447
0.11014528072165453
0.10900405698486847
0.10787124904144714
0.10674638363162733
0.10562892462216747
0.1045182688271768
0.10341373991081529
0.1023145790663462
0.10121993038162193
0.10012881724523365
0.0990401031928583
0.09795242443952813
0.09686406714439978
0.095772724538527
0.09467494292148547
0.0935645757292071
0.09242265827648681
0.09125640369520967
0.09008938128684321
0.0889344882622085
0.08780305808701909
0.08670674022289433
0.08565895024701078
0.08467727912514045
0.08379251398347146
0.08305177607479969
0.08241069375772427
0.08185043045480124
0.0813617066705655
0.08093899042434026
0.08057880367256402
0.08027902639276761
0.0800387394852813
0.07985828470462997
0.0797380319732458
0.0796812256859578
0.07969672048055636
0.0797744723586246
0.07990830901883808
0.08009510981332961
0.08033295556461169
0.08062065406609431
0.0809575462505196
0.08134341537852227
0.08177845180924544
0.08226326082304544
0.08279891983317902
0.08338711677673892
0.08403047324828616
0.08473365625639376
0.08550810702929253
0.08635395357635749
0.08725956713356604
0.08821959566075267
0.08923072373607155
0.09029047259357177
0.09139685798333515
0.09254823341456368
0.09374320581922414
0.09498058710279776
0.09625936638724902
0.09757869598955077
0.09893788807101167
0.10033642123586811
0.1017739583851325
0.10325037980745458
0.10476584039376781
0.10632087113212206
0.10791657721066249
0.1095551327519065
0.11124232310821891
0.11298527803408816
0.11477504692861495
0.11660497587440802
0.11847109587675173
0.12037019085809643
0.12229940512245863
0.12425609110723551
0.12623773410735284
0.12824191284153957
0.13026628142017896
0.13230856578264472
0.13436655662441413
0.13643804498652456
0.13852069580957424
0.14061203922224239
0.14270958977453868
0.14481090642679184
0.14691358800061008
0.14901525850781835
0.1511135575637748
0.15320613508168052
0.15529064798730832
0.15736475745143383
0.15942612559855596
0.16147241064588946
0.16350125892439576
0.16551029085365448
0.16749707419111168
0.16945906288606274
0.1713933686089194
0.17329605529661818
0.17516470320272012
0.177000177944199
0.17880208257328153
0.18056946840086563
0.18230122075412714
0.18399614991599894
0.1856530346469271
0.18727064783208588
0.18884777344469428
0.19038321877579142
0.19187582384502178
0.19332446900897426
0.1947280813449325
0.19608564015935276
0.19739618181035912
0.1986588040410879
0.1998726698281533
0.20103701086293013
0.20215113067548024
0.20321440742632457
0.2042262963776524
0.20518633204905834
0.2060941300584715
0.20694938864591922
0.20775188987571058
0.20850150051129104
0.2091981725560763
0.20984194345295204
0.21043293593456908
0.21097135751914084
0.21145749962374472
0.21189173633178934
0.21227452274036474
0.21260639292004851
0.21288795745108086
0.21311990051691335
0.21330297652651978
0.21343800622777256
0.2135258722615001
0.2135675140880566
0.21356392219305148
0.21351613144278012
0.21342521340727183
0.2132922673905423
0.21311840978820976
0.21290476120955648
0.21265243046387358
0.21236249408859242
0.2120359690121344
0.21167377434120468
0.2112766745300035
0.21084518785975484
0.21037942181373467
0.20987872210310335
0.20934069277296113
0.20875546100669556
0.20812908609042108
0.20747508788001942
0.20680064540818546
0.20611137363156012
0.20541215048304637
0.2047074365933088
0.20400144047752475
0.20329822246276424
0.20260177193684434
0.2019160746121222
0.20124518033114971
0.20059328071690047
0.19996480806433783
0.1993645733011757
0.19879797602245877
0.19827135727181253
0.1977926750887344
0.19737310318731166
0.19703381810696302
0.19681224667410305
0.19666801427023436
0.19657590197766991
0.19652278499848408
0.19649956166214502
0.1964992790891217
0.1965163169703874
0.19654593963606995
0.19658400848420476
0.196626769527443
0.19667067015402923
0.19671216836917466
0.19674748383810484
0.19677217230807087
0.19677998626366192
0.19675869771896837
0.1966992311809917
0.19661834877610412
0.19652382942952817
0.19642123460045
0.19631553425549475
0.1962117992552653
0.19611607054319244
0.19603804391673596
0.19599515781601995
0.19597564812964272
0.19596823477482042
0.1959678132584837
0.19597095031256567
0.19597504625292803
0.19597800431874904
0.19597806462522907
0.1959737094381818
0.19596360442732436
0.19594655999937577
0.19592150469836692
0.1958874662203584
0.19584355750445934
0.1957889662618513
0.1957229469271777
0.19564481434277636
0.19555393870488466
0.195449741441789
0.19533169178859328
0.19519930388866713
0.1950521342981983
0.19488977980377806
0.19471187548767382
0.19451809299392459
0.19430813896231214
0.1940817536071904
0.19383870943001122
0.1935788100486394
0.19330188914862456
0.1930078095468902
0.19269646236917723
0.19236776633961603
0.19202166718040753
0.1916581371180467
0.19127717449046858
0.19087880344708827
0.19046307373114418
0.19003006053119634
0.18957986438625368
0.1891126111269085
0.1886284518331503
0.18812756278823195
0.18761014540757595
0.18707642612000902
0.1865266561814487
0.18596111139858285
0.18538009174300668
0.1847839208365377
0.18417294528969286
0.1835475338764883
0.18290807652974717
0.18225498314190902
0.18158868215668755
0.18090961893670543
0.1802182538910784
0.17951506034450315
0.17880052212512118
0.17807513083677018
0.1773393828020207
0.17659377554815178
0.17583880383931486
0.17507495504994036
0.17430270368776138
0.1735225046939523
0.17273478486638522
0.17193993115644454
0.17113827323182174
0.17033005446052224
0.16951537935517144
0.16869407278494644
0.16786452019187784
0.16702852041839691
0.1661878336215442
0.1653434537742927
0.16449615957779964
0.16364658451928307
0.16279524891504998
0.16194257353591396
0.1610888844773183
0.16023441311339473
0.1593792926647264
0.15852355187359002
0.1576671056567248
0.15680974204830322
0.1559511040254463
0.15509066362392154
0.15422768349114024
0.15336115615025486
0.15248969917483848
0.15161134849703153
0.15072307830753967
0.14981829172308808
0.1488892575915884
0.1479474761057992
0.14699704147754739
0.14604074713138182
0.14508077652235205
0.14411909686005492
0.14315779165888504
0.1421999888128498
0.14125151681066422
0.14030791516886623
0.13936385315015748
0.138416819160219
0.1374651036367897
0.1365073711848073
0.13554249260440462
0.13456944833642565
0.1335872577816282
0.13259491522016437
0.1315913185360463
0.13057517496782772
0.12954485646429212
0.1284981425314294
0.12743166870302874
0.12633924263314264
0.12520347487488384
0.12403176795743319
0.12284323478580525
0.12164754601063824
0.12045229296563173
0.11926436368639808
0.11809061093224803
0.11693850592268708
0.11581747729675376
0.11474297253846298
0.11371228057891532
0.11272805459774604
0.11180253105966909
0.11094460313941693
0.1101378596924005
0.10937406395258589
0.10864890411826006
0.10795944767524951
0.1073035112859309
0.10667938004334201
0.10608565431930134
0.10552115680637084
0.1049848719727234
0.10447590456530528
0.10399345010259803
0.10353677326196647
0.10310519169658028
0.10269806370282719
0.10231477869413232
0.1019547497680508
0.10161740786647043
0.10130219717013404
0.10100857146500304
0.1007359912851172
0.1004839216843199
0.1002518305237159
0.10003918718703154
0.09984546165354036
0.09967012388200669
0.099512643440949
0.09937248937745248
0.09924913027461256
0.09914203448238981
0.0990506705012981
0.09897450750368278
0.09891301598109281
0.09886566851019887
0.09883194063434342
0.09881131186401922
0.09880326680919797
0.09880729647442701
0.09882289978976935
0.09884958557074887
0.09888687547712387
0.09893431007086703
0.098991464068619
0.09905796525323239
0.09913339812459404
0.09921722521396469
0.09930892921587901
0.09940804235215973
0.09951413064992345
0.09962678809890121
0.09974563504262995
0.09987031821416036
0.10000051167645839
0.10013591835742072
0.1002762720438256
0.10042133979255286
0.10057092477305325
0.10072486958024907
0.1008830601160761
0.10104543011742594
0.10121196649311447
0.10138271565019866
0.10155779106557522
0.10173738245363213
0.10192176702582528
0.10211132356411243
0.10230655039481588
0.10250808896144997
0.10271675577198495
0.10293358750536748
0.10315990810082705
0.10339743560685487
0.10364846928877192
0.103916268149999
0.10420604412549406
0.1045306659206359
0.10489677166534328
0.10528584221646065
0.10569005337960381
0.10610453683628744
0.10652572780857905
0.10695081515228758
0.10737748430651
0.10780377343461346
0.1082279828590772
0.10864861253761761
0.10906431485318355
0.10947385463818195
0.10987606798169787
0.11026979918644512
0.11065373768918399
0.11102618939975449
0.11138641297457694
0.11173497988324224
0.11207209820666905
0.11239773847151037
0.11271181402270966
0.11301422882679685
0.11330489387430823
0.11358373438324094
0.11385069299990089
0.11410573057656208
0.11434882482381929
0.11457996617469879
0.11479914874560715
0.11500635112194703
0.11520149684150038
0.11538439070394069
0.11555358304408286
0.1157080514387401
0.11585302181310612
0.11599158704720723
0.1161274973363858
0.11626675686925736
0.11642373746235675
0.11659301905155565
0.11676075335021721
0.11692012663090673
0.11706585112050316
0.11719308473115714
0.11729685996275971
0.1173714036639926
0.11740841814111921
0.1173898764887173
0.11732540069242293
0.11722691666078804
0.11709954356048045
0.1169465784300047
0.11677041723407433
0.11657291489750034
0.11635556511052136
0.11611960326507699
0.11586607095834751
0.115595859160997
0.11530973861969436
0.11500838217578159
0.11469238173170931
0.11436226153685733
0.11401848887800196
0.11366148286800579
0.11329162182812286
0.11290924959575786
0.11251468099769775
0.11210820666168177
0.11169009729302866
0.11126060751035953
0.11081997931097193
0.11036844521929896
0.1099062311592919
0.10943355908219742
0.10895064937419893
0.10845772306313156
0.10795500384082307
0.1074427199055829
0.1069211056542954
0.10639040320673647
0.10585086378874323
0.1053027489729744
0.10474633178452351
0.10418189767709798
0.10360974538543856
0.10303018765978808
0.10244355188853488
0.10185018061563976
0.10125043196009546
0.10064467994551458
0.10003331474896829
0.09941674287948915
0.09879538729098396
0.09816968748707353
0.09754009952498963
0.09690709608386931
0.09627116651089922
0.09563281691737745
0.0949925703517119
0.09435096709201263
0.0937085651119246
0.09306594078819495
0.09242368993883611
0.09178242930918334
0.0911427986636832
0.0905054637002737
0.08987112009240897
0.08924049909932906
0.08861437540174849
0.08799357816796315
0.08737900699603642
0.08677165546618439
0.08617264729967099
0.08558329488461552
0.08500520162060815
0.08444046362823752
0.08389215619766743
0.08336652632422255
0.08287358398750182
0.08240080140538816
0.08194134644953052
0.08149118483594593
0.08104727430883199
0.08060708552736416
0.08016839286575651
0.07972916021158467
0.07928746853090975
0.07884146381945747
0.07838931470400891
0.07792917319541508
0.07745913325021264
0.07697718100814653
0.07648112715756641
0.07596850274258418
0.07543637357573553
0.07488093057949215
0.07429582946667625
0.07366935037396254
0.07300804432712552
0.07231913230249293
0.0716053270238913
0.07086794542561305
0.07010730819771861
0.06932233174555752
0.06850819912466229
0.0676694938350197
0.06681204601454861
0.06593889155868315
0.06505227809377918
0.06415404088230625
0.0632457582263861
0.062328834461606704
0.061404550883216905
0.06047409984194488
0.05953860893816267
0.05859915888413765
0.057656797057837515
0.05671254792852278
0.055767421250963296
0.05482241841895937
0.05387853746438437
0.05293677693861143
0.05199813889716314
0.05106363115647731
0.0501342689604528
0.04921107617251883
0.04829508609378152
0.04738734199781617
0.04648889746702098
0.0456008166137762
0.04472417427199909
0.04386005625151079
0.043009559758455995
0.042173794114665146
0.04135388190792793
0.04055096079910496
0.03976618622809987
0.03900073539029148
0.03825581300119447
0.03753265961903812
0.036832563713254725
0.03615687939918858
0.03550705312103268
0.03488466531164051
0.03429149929787971
0.033729666629584515
0.03320187508240753
0.032712144652802234
0.03226925054525265
0.03187923383608113
0.0315303406122618
0.03121522421137642
0.030929414037885176
0.030669677351988514
0.03043338183186831
0.030218258507476548
0.030022284754470146
0.029843615275114154
0.029680537114471217
0.0295314381866895
0.029394783799692816
0.029269097919757903
0.02915294699016408
0.029044924557207828
0.028943634920842707
0.02884767342960854
0.028755599265704344
0.028665892047722873
0.028576870017636667
0.028486517575885273
0.028392838394802892
0.028296289101910618
0.028197977456663387
0.028098343995500617
0.027997555311749123
0.027895669469819216
0.027792699414273304
0.027688642580745982
0.027583496480399542
0.027477267470989844
0.02736997583718698
0.02726165869747005
0.027152371568714428
0.027042189030415952
0.026931204788065315
0.02681953130657228
0.026707299132349385
0.026594655984068846
0.02648176566838497
0.026368806861407596
0.026255971786327388
0.026143464810491908
0.026031500980295247
0.02592030450876291
0.025810107228249113
0.02570114701889958
0.02559366622344625
0.02548791005000052
0.0253841249879165
0.025282557221729656
0.025183451067536864
0.025087047432668222
0.024993582307519812
0.0249032852977124
0.024816378205355073
0.02473307366906695
0.024653573873619695
0.024578069341706695
0.024506737822593817
0.024439743295482916
0.024377235109679925
0.02431934728962202
0.024266198036382528
0.024217889503936822
0.024174507843044847
0.024136123705441513
0.024102793269943266
0.024074560022694598
0.0240514575989068
0.02403351418713495
0.02402075933841231
0.024013234680109796
0.024011011408486584
0.024014220633036234
0.024023111320787674
0.024038180564015143
0.024060626393112888
0.024094149183228924
0.024136109046572464
0.024181585621960596
0.02422782183916526
0.024272566419994587
0.02431373985966614
0.02434928085430031
0.02437701909732735
0.024394506189805196
0.024398772662113485
0.024381200387605287
0.02434825601056131
0.024300957626497362
0.02423973572675078
0.02416461988284518
0.02407538294316272
0.023971609939500156
0.02385272081843349
0.023717963122483112
0.023566375024615935
0.02339670164603984
0.02320721102475627
0.02299517979642813
0.02275402684193792
0.022480093994007654
0.022182798630298706
0.021866587258904932
0.021534229668053243
0.02118784748365774
0.02082920390198647
0.020459836419058852
0.020081129744765273
0.01969436070629613
0.019300728327619764
0.018901375425512842
0.018497405118220216
0.018089894252198487
0.01767990504038605
0.017268495857989608
0.016856732000409057
0.01644569723261692
0.01603650716696886
0.015630325998454486
0.015228389171653697
0.014832036860303094
0.014442768802114203
0.014062347611322207
0.013693046071659349
0.013338831951732116
0.013004837873233985
0.012686678993255315
0.01238216632000998
0.012090412021312908
0.011810958325274434
0.011543578321418214
0.011288193049325579
0.011044830665963195
0.010813605155149675
0.01059470562327182
0.010388391517468551
0.01019498710979861
0.010014877948045215
0.009848531540432193
0.009696527787465884
0.009559590252151707
0.00943863514511555
0.009334859435620563
0.009249917891719325
0.009186376678752833
0.009150269296262984
0.009145727507431376
0.009164592694105047
0.009203485563150251
0.009260378259058934
0.009333726645339544
0.009422254532352233
0.009524852985150874
0.009640523991185455
0.009768345979575417
0.00990745130294591
0.01005701077259695
0.01021622258793511
0.010384304185395215
0.010560485942509508
0.01074400631869482
0.010934107902075885
0.011130034138352701
0.011331026531885136
0.011536322166359412
0.011745151422807092
0.011956735790641115
0.01217028567571015
0.01238499810946787
0.012600054255273161
0.012814616590451657
0.013027825613501744
0.013238795880115188
0.013446611101606075
0.01365031793112667
0.013848917893140371
0.014041356634022423
0.014226509202587712
0.01440315922875734
0.014569968263681987
0.014725428208574396
0.014867782006389938
0.014994876680998406
0.0151038393133967
0.01518998008333808
0.015242668537309979
0.015266714296941996
0.015270297879700629
0.015256909827018767
0.01522882807585803
0.015187728392008678
0.015134918051110854
0.01507145214728707
0.014998200195578576
0.014915887932638603
0.014825125326412055
0.01472642629853104
0.014620223163206327
0.01450687753440626
0.014386688776625828
0.014259900685895204
0.014126706852411366
0.013987255006704067
0.013841650551182841
0.013689959407044917
0.013532210248578222
0.013368396146286073
0.013198475577975939
0.013022372747707634
0.012839977250540549
0.01265114375787274
0.012455693682392596
0.012253419740727266
0.01204408723075297
0.011827425919027133
0.011603118558113096
0.011370791289726503
0.011130003615590479
0.010880234489217164
0.010620861600448464
0.010351129648123132
0.010070099345585818
0.009776558465319135
0.009468844417776798
0.009144390818515109
0.008797231209473044
0.008422973223766275
0.008030059868479239
0.007622232976841134
0.0072019125948101555
0.006770995126197092
0.006331103154473486
0.005883698767871407
0.005430146320029109
0.004971752791980664
0.004509797807048848
0.004045559980288248
0.0035803450311616765
0.0031155229912274633
0.002652590284863436
0.002193314443639573
0.001740390655630736
0.0012974369866606945
0.0008627670045565699
0.0004348782860009871
1.3415487006448265e-5
-0.00040165047551246055
-0.0008101973575439049
-0.0012120194779737924
-0.001606865866005488
-0.001994467219205751
-0.0023745571343284297
-0.0027468893071037974
-0.003111852977611024
-0.0034691760936159614
-0.003817349864041913
-0.004155669281973283
-0.004483475991544691
-0.004800147584241412
-0.005105091116084262
-0.005397736938969045
-0.005677534646421857
-0.005943950515536669
-0.006196465756940236
-0.0064345751312398355
-0.0066577856593828125
-0.006865615242704257
-0.007057591048221587
-0.0072332475254301525
-0.007392123912045746
-0.007533761052853315
-0.007657697327259177
-0.007763463379713244
-0.007850575248841548
-0.007918525060049447
-0.007966764423196649
-0.007994658508937037
-0.008001557328951418
-0.00798670847761505
-0.007949162740133447
-0.007887692322684959
-0.0078005868960331105
-0.007685139659841056
-0.007534908543422549
-0.00734305779494178
-0.007121690383057016
-0.006877312806367387
-0.00661375924266448
-0.006333894558845374
-0.006040037599358218
-0.0057341508259286375
-0.005417943503660556
-0.005092934617422435
-0.004760494419571713
-0.0044218735687187125
-0.00407822457687659
-0.0037306182604136596
-0.0033800568438579312
-0.003027484790965473
-0.002673798110705551
-0.002319852700803314
-0.0019664721968181823
-0.0016144557688085703
-0.0012645863455373345
-0.000917639870505153
-0.0005743964450160921
-0.00023565470934619757
9.774818446440504e-5
0.0004249063706870856
0.000744793145882287
0.001056138527633314
0.0013570375594261037
0.0016451772201167363
0.001919451001858529
0.00217578844281063
0.0024107965188784326
0.0026358933101190292
0.0028595852639481
0.0030877877077115632
0.0033162631845938726
0.003543973671883458
0.0037706509191394555
0.003996278791478032
0.004220945587020742
0.004444785527121135
0.004667951132827402
0.004890598704020076
0.005112880137110662
0.0053349381115839175
0.005556903202035897
0.005778892157709261
0.006001006925848657
0.006223334169318009
0.006445945124842222
0.006668895701570014
0.006892226757570887
0.00711596450395342
0.007340121007614197
0.007564694767290148
0.007789671345067688
0.008015024039341866
0.008240714588132822
0.008466693893804252
0.008692902761831715
0.008919272647495133
0.009145726405329468
0.009372179036926264
0.009598538433294248
0.009824706108487059
0.010050577894515716
0.01027604475760957
0.010500993327241309
0.01072530667754388
0.010948864953304488
0.011171546001312512
0.01139322597860654
0.011613779936359495
0.011833082378271189
0.012051007792456105
0.012267431155918598
0.012482228410802192
0.012695276911685812
0.012906455843275058
0.013115646607905974
0.013322733182339013
0.01352760244371168
0.013730144462206665
0.013930252765126452
0.014127824565253803
0.01432276095828077
0.014514967086975864
0.01470435227216532
0.014890830110279127
0.015074318537227105
0.015254739858379596
0.015432020744433072
0.015606092192944187
0.015776889455312863
0.01594435192898653
0.01610842301464316
0.016269049938084784
0.016426183534489085
0.01657977800696079
0.016729790628098335
0.01687618142523565
0.017018912817646573
0.017157949217191604
0.017293256589071746
0.017424801970997918
0.017552552948484224
0.017676477083131914
0.017796541289591503
0.017912711155210585
0.018024950193963236
0.018133219022740198
0.01823747444287168
0.018337668401918035
0.018433746798667026
0.018525648076154477
0.01861330151608296
0.01869662510294348
0.0187755227452441
0.018849880513642985
0.018919561339975705
0.018984397257051405
0.019044177615917514
0.01909863042823731
0.019147390602014848
0.01918993595547766
0.01922538888675151
0.01925146827388525
0.019270268408189236
0.019286270183130644
0.01929638433228104
0.01929784840664827
0.01928815136067978
0.01926276614353609
0.019218367283717702
0.01916035174210079
0.01909067745758412
0.019010444439671086
0.018920376523479273
0.01882098876853782
0.01871266256031869
0.01859568547141521
0.018470274594759147
0.018336590957296877
0.018194748535618276
0.018044819600820373
0.017886837182872137
0.017720794818895262
0.01754664309699991
0.01736428150896305
0.01717354167988517
0.016974148585234418
0.016765580558005273
0.016546634774890986
0.01631689302619192
0.016077757541205558
0.015830119418812568
0.015574500475227479
0.015311296197944258
0.015040836515237676
0.014763409100688352
0.014479271531653414
0.014188658495227744
0.013891786337635008
0.013588856092643212
0.013280055474048041
0.012965560179105658
0.012645534617716944
0.012320132085750364
0.011989494264616433
0.011653749728827295
0.011313010764260075
0.010967366954996427
0.010616871784647897
0.010261511383096313
0.009901112857062739
0.00953485036335167
0.009161626098212776
0.008788462821366064
0.008413748172360716
0.00803661820234995
0.0076569009124035975
0.007274615039359507
0.006889874759896218
0.006502853769099279
0.006113767675077065
0.005722863806905623
0.00533041458530771
0.004936712840048536
0.004542068309108818
0.004146804923163207
0.0037512586552826553
0.0033557758083323083
0.002960711666194252
0.0025664294777122247
0.002173299716464572
0.0017816997432188
0.0013920137610795402
0.0010046332537964608
0.0006199579905093513
0.00023839781435915815
-0.00013962443782411724
-0.0005136682881886958
-0.000883268156448855
-0.001247920937992097
-0.001607063867877311
-0.0019600301964456442
-0.0023059399748514555
-0.0026432280054053754
-0.0029696346941353647
-0.003287812989051979
-0.003598826329124439
-0.003903299902441411
-0.004201672210288046
-0.004494284242632181
-0.004781418439184991
-0.0050633193113066325
-0.00534020572475585
-0.005612278850224122
-0.0058797276610373355
-0.006142732966751642
-0.006401470555945356
-0.006656113815425096
-0.006906836091638814
-0.007153813020255294
-0.007397225057103669
-0.007637260497165039
-0.007874119443937367
-0.008108019369031494
-0.00833920372135615
-0.00856795638072767
-0.008794629220570433
-0.009019706886159832
-0.009244087241944907
-0.009470412384756308
-0.009696591230559005
-0.00992112538879255
-0.01014340497756519
-0.010362979492801556
-0.010579468003186387
-0.010792525823953033
-0.011001827967038667
-0.011207059225089161
-0.01140790648067514
-0.011604046760641414
-0.011795097395153178
-0.011980567959498204
-0.012160310542446746
-0.01233429035571959
-0.012502358638576867
-0.01266433670312989
-0.012820035696317927
-0.012969261533963048
-0.013111817504044691
-0.013247505857128188
-0.013376128710925195
-0.013497488439895296
-0.013611387621145917
-0.013717628531090221
-0.013816012107645948
-0.01390633624422268
-0.013988393113073675
-0.014061965066953046
-0.014126818254930975
-0.014182692291651738
-0.014229282391473995
-0.014266204915988744
-0.014292916537561711
-0.014308360953717339
-0.014310619381002825
-0.014301509653581691
-0.014282514384215333
-0.014254447213574155
-0.014217939735215377
-0.014173537182964616
-0.014121737648554605
-0.014063012501985018
-0.013997818755972549
-0.013926607604334009
-0.013849831173475182
-0.013767948709977077
-0.013681433160022651
-0.01359077915223832
-0.013496513765502439
-0.013399212314909906
-0.013299523192645423
-0.01319820981395396
-0.013096227859504678
-0.012994888396364772
-0.012896321285394644
-0.012805796611337772
-0.012722557962902331
-0.012642345019491723
-0.012563489092221224
-0.012484977901424279
-0.012406111703408386
-0.012326367656975203
-0.012245329493727208
-0.012162646979242716
-0.012078011376455741
-0.011991140117966896
-0.011901766964572288
-0.01180963551648638
-0.011714494823837582
-0.011616096344088021
-0.011514191783081844
-0.011408531522212221
-0.011298863433725654
-0.01118493191169596
-0.011066476988762676
-0.010943233359047457
-0.010814929104497521
-0.010681283851372864
-0.010542005997818193
-0.01039678853534748
-0.010245302805695808
-0.010087189206974271
-0.009922043191248892
-0.009749393384911447
-0.009568664899532087
-0.00937911009271301
-0.009179655375563521
-0.008968219541659718
-0.00874131532788785
-0.008502888721715526
-0.008254644058123465
-0.007997499559047523
-0.007732000215950318
-0.007458365916535099
-0.007176275407127083
-0.006884306581599608
-0.0065853721855169516
-0.006281020210441076
-0.0059725248417875475
-0.005661108961372775
-0.005348139512037824
-0.005036119521478735
-0.004725745106739232
-0.004415440532935785
-0.004104843300500304
-0.0037938940001064473
-0.0034826736157802
-0.003171345050863742
-0.002860127110122963
-0.0025492811208026227
-0.002239103691178496
-0.0019299229940700493
-0.0016220974336014946
-0.001316016251133598
-0.0010121020568688737
-0.00071081565624495
-0.00041266403766480517
-0.00011821323704287312
0.00017189047832515665
0.0004568835844681434
0.0007358133751177169
0.0010073675685737164
0.0012691027010069019
0.001516805272622297
0.001754109894436316
0.0019840499886438585
0.0022080867574689766
0.002427230287439891
0.002642256983702428
0.0028537982784401735
0.0030623863910943403
0.003268481090358943
0.0034724866894155133
0.0036747634874511213
0.0038756358137453165
0.004075397875258375
0.004274318118013698
0.0044726425555029784
0.004670597345664412
0.004868390820665867
0.0050662151038132425
0.005264247412320225
0.005462651117864775
0.005661576618667169
0.005861162063956334
0.0060615339624074255
0.006262807699303203
0.006465087982067118
0.006668469229933455
0.006873035920529315
0.007078862903798035
0.007286015689398655
0.007494550729369014
0.007704515664947936
0.007915949591952071
0.008128883311377389
0.008343339583546317
0.008559333385985845
0.008776872177218087
0.00899595616819329
0.009216578602705442
0.009438726047795724
0.009662378694859617
0.009887510671934835
0.01011409036745562
0.010342080765615562
0.010571439793396116
0.010802120678699881
0.011034072323198672
0.011267239681336897
0.011501564157554996
0.011736984013887454
0.011973434792702861
0.012210849756063541
0.012449160344725822
0.012688296661103968
0.012928187982257396
0.013168763311279608
0.013409951978570676
0.013651684308672038
0.013893892374077187
0.01413651086538757
0.014379478118421586
0.014622737354864336
0.01486623821875455
0.01510993872271939
0.015353807783879788
0.015597828616087337
0.01584200341325395
0.01608636005448806
0.016330962143667308
0.016575924940612864
0.016821442746393817
0.017067841946349336
0.017315706997082646
0.017566390444762207
0.017822646014188193
0.018081017530500853
0.018339236946020392
0.018595940478699446
0.018850060795611207
0.019100684098460868
0.01934698833264029
0.01958820923456976
0.019823618194274122
0.0200525053777523
0.020274164635538303
0.0204878776501002
0.020692894533209417
0.020888406501094747
0.02107350174739637
0.02124708194052827
0.0214076621936916
0.021552492054531594
0.021677492209486726
0.021787504813215768
0.02188480451577422
0.021970653458926737
0.02204591002141139
0.022111215913103163
0.022167081244315753
0.0222139266004428
0.022252106657122208
0.022281925118798347
0.022303644926217767
0.022317495532966376
0.022323678145536346
0.022322369313514563
0.02231372282069481
0.022297869323079943
0.022274912693272492
0.022244922251804692
0.022207922307720857
0.02216388418454672
0.02211272609400251
0.02205432001975718
0.021988499560672496
0.021915063936150687
0.021833776796761843
0.021744359836243836
0.02164648042389377
0.02153973014931029
0.021423585796366038
0.021297327499691206
0.021159799309305335
0.02100819659313558
0.020842295395263617
0.020664829078968525
0.020477353082966745
0.020280805111466387
0.020075888185718097
0.01986318143454006
0.019643185336406715
0.01941634638242728
0.019183072088966576
0.01894374080238727
0.018698708446724787
0.018448313356077002
0.018192879843498072
0.017932720901080113
0.017668140281938305
0.01739943412970189
0.017126892268342693
0.016850799230601166
0.01657143508266453
0.016289076079723006
0.01600399519100774
0.01571646252576558
0.015426745732168812
0.015135110521536491
0.014841821581023134
0.014547143993766736
0.014251281226386341
0.013954362676508467
0.013656868968032258
0.013359071951068459
0.013061228340754225
0.012763570404424225
0.012466298563308552
0.01216958132040776
0.011873562017615288
0.011578367821107185
0.011284116887535263
0.010990922638548624
0.010698895791068985
0.01040814507921579
0.01011877732443723
0.009830897218178983
0.009544606996798951
0.009260006090675971
0.00897719078185664
0.008696253882561044
0.008417284437142252
0.008140367446043247
0.007865583608738907
0.007593009081349749
0.007322715249299389
0.007054768499695677
0.00678923000272566
0.006526155484273961
0.00626559498516547
0.006007592593806277
0.00575218613456559
0.00549940678640113
0.0052492785940890865
0.005001817814983841
0.004757032011720354
0.004514918743792291
0.004275463602182752
0.004038637107748836
0.0038043894822313963
0.0035726408564034557
0.003343257567431476
0.0031159472276879757
0.0028901561029114867
0.00266621254634877
0.0024446255416041875
0.0022256665400171797
0.0020095268640724275
0.0017963629482584014
0.0015863115514017584
0.0013794967748459604
0.001176034066158252
0.0009760328183025331
0.0007795982395998851
0.000586832838566018
0.0003978377237785229
0.00021271385020391813
3.156330765677721e-5
-0.00014550926009793542
-0.00031839502792804786
-0.00048697905179975856
-0.0006511378957728405
-0.00081073663976784
-0.0009656249820194094
-0.0011156319575153701
-0.0012605584093225537
-0.0014001655044037333
-0.001534155382004678
-0.0016621311930866093
-0.001783465719600489
-0.0018972735039018466
-0.002002333606786415
-0.0020983823650098875
-0.0021874461572801195
-0.0022704022195381333
-0.002347810739338768
-0.0024200929634772715
-0.0024875913337081995
-0.0025505979625198875
-0.0026093699862000524
-0.00266413794527415
-0.0027151107732354077
-0.002762484105578882
-0.0028064492448893062
-0.0028471853577973515
-0.0028848467583338353
-0.0029195503817648844
-0.0029513491136692583
-0.002980154104091811
-0.0030052681142958655
-0.003026779185829155
-0.0030464097602040797
-0.0030651687789912557
-0.0030835466467904085
-0.0031014696508749585
-0.003119768452902944
-0.0031401685186368705
-0.0031640546454182864
-0.003192986148763988
-0.0032290614723457923
-0.003276659229815039
-0.003338599768129179
-0.0034095857451112645
-0.0034873786719483474
-0.0035706985587238903
-0.003658641825303035
-0.003750511633690916
-0.0038457414897323
-0.003943854244637685
-0.0040444376297117165
-0.004147128553220615
-0.004251602469598563
-0.0043575658813827965
-0.004464750874143709
-0.004572911023007306
-0.004681818253716022
-0.004791260384847017
-0.004901039166105812
-0.005010968683949081
-0.0051208740429082465
-0.005230590256678339
-0.005339961296802515
-0.005448839270277227
-0.005557083688129632
-0.00566456081185667
-0.005771143058850613
-0.005876708455385648
-0.005981140128262409
-0.006084325828616408
-0.006186157483336329
-0.006286530771121604
-0.006385344721506633
-0.00648250133624496
-0.0065779052333123
-0.0066714633144732746
-0.006763084457876253
-0.006852679239792944
-0.0069401596737553705
-0.007025439003628997
-0.007108431506610665
-0.007189052342417455
-0.007267217436228738
-0.007342843398600597
-0.007415847482710437
-0.007486147578671964
-0.007553662244008199
-0.00761831076870836
-0.007680013272653175
-0.007738690832588991
-0.00779426563528782
-0.00784666115305718
-0.007895802337368594
-0.007941615827217866
-0.00798403016046734
-0.008022976000611973
-0.008058386350680576
-0.008090196766502708
-0.00811834555714819
-0.00814277396839322
-0.008163426343811526
-0.00818025025793413
-0.008193196615675967
-0.008202219711844868
-0.008207277243971578
-0.008208330270845863
-0.008205343107903497
-0.008198283148813379
-0.008187120600024855
-0.00817182810884409
-0.008152380277238854
-0.008128752993829367
-0.00810092259057574
-0.008068864724929369
-0.00803255291020083
-0.007991956549520488
-0.007947038245360836
-0.00789775000036561
-0.007844027620956729
-0.007785781987288077
-0.007722884296682517
-0.007655137934832564
-0.007582212126830041
-0.007503331015973171
-0.007417196645980061
-0.007325310333079394
-0.007228819586444014
-0.007128402065346116
-0.007024604284558358
-0.006917909334248327
-0.0068087650708474855
-0.006697599574804056
-0.006584832201833067
-0.006470884834247983
-0.00635619868187854
-0.006241268580070402
-0.006126737218550749
-0.0060139413134051335
-0.005904406718379446
-0.005793993789780667
-0.00568009569551786
-0.005563808515883533
-0.005445405216523275
-0.005324966318795768
-0.005202526127726363
-0.00507810724800138
-0.004951732398710203
-0.004823429285722225
-0.004693232842605311
-0.004561186320632393
-0.004427341813273078
-0.004291760471696447
-0.004154512533872545
-0.004015677230771248
-0.003875342605170845
-0.0037336052643782767
-0.0035905700804353667
-0.003446349847347031
-0.0033010648991501045
-0.0031548426998626498
-0.003007817400614638
-0.0028601293731429977
-0.002711924719871705
-0.002563354763474384
-0.00241457551839014
-0.0022657471468258777
-0.0021170334018981722
-0.0019686010607232176
-0.0018206193504372665
-0.0016732593703114834
-0.0015266935133059461
-0.0013810948905818969
-0.0012366367626548767
-0.0010934919827603686
-0.000951832445965596
-0.000811828574146938
-0.0006736488062927979
-0.000537459124326008
-0.0004034226082716573
-0.00027169902667387283
-0.00014244446635685955
-1.5811005517612593e-5
0.00010805356595376575
0.0002290059750063459
0.00034690763855923184
0.0004616247759743506
0.0005730284533168917
0.0006809945471860441
0.0007854036070490172
0.0008861405781177903
0.0009830943224452071
0.0010761568074321964
0.0011652217537616051
0.0012501823011978554
0.0013309267931969724
0.0014073305316536374
0.0014792372469640774
