0.0051535063654980975
0.005214768225906212
0.0052767859953615085
0.005339570089787323
0.005403133654010888
0.0054674872446660696
0.005532636612382362
0.005598590493590858
0.005665358510411383
0.005732950705295446
0.005801377388097337
0.005870649074576715
0.0059407762663047595
0.006011769614849712
0.006083640625576338
0.006156401079343814
0.006230062840158349
0.0063046379126773565
0.0063801384970553505
0.006456576997691298
0.006533966031746779
0.006612318436182028
0.006691647274332738
0.0067719658424310455
0.006853287676262788
0.0069356265580742425
0.00701899652380675
0.007103411870724685
0.007188887165500364
0.007275437252824137
0.0073630772646177825
0.007451822629945411
0.007541689085096962
0.007632692687834289
0.007724849826325135
0.00781817723591747
0.007912692014327016
0.008008411639543585
0.008105353990344948
0.008203537370172006
0.008302980535443488
0.008403702729907689
0.008505723727494837
0.008609063887667148
0.008713744230167787
0.008819786542084249
0.008927213544208418
0.009036049181074033
0.009146319254845275
0.009258054175080287
0.009371290469386676
0.009486043747557966
0.009602328939464
0.009720166468990684
0.009839578206366007
0.009960586997422432
0.010083216387155976
0.010207490314168914
0.010333434203667556
0.010461074175121864
0.010590436755520979
0.010721549028408623
0.010854438666453834
0.010989133952814627
0.011125663806900894
0.011264057787384969
0.011404346149949013
0.011546559859651287
0.011690730635471578
0.011836890988959287
0.011985074239982097
0.012135314163223972
0.012287648934363309
0.012442123316684987
0.012598772980599722
0.0127576262639542
0.01291871689540689
0.013082080403664062
0.013247753526641783
0.013415774008904384
0.01358618053058078
0.013759012725000413
0.013934311273624574
0.014112117902201123
0.01429247444506772
0.014475417252617695
0.014660990229675855
0.014849248844690062
0.015040242765607805
0.015234021406087027
0.015430635284197603
0.015630136242224507
0.015832577516991922
0.016038013810400664
0.016246501412246164
0.016458098428776022
0.016672865366326492
0.0168908673540325
0.017112168501860623
0.01733682646735371
0.017564903632086695
0.01779646450543261
0.018031575417246
0.018270304428626427
0.018512721316843794
0.018758897589053185
0.019008906509773268
0.019262823135824635
0.019520724355448507
0.019782688929283507
0.020048797530570473
0.02031913277974178
0.020593779261461848
0.020872823457822716
0.02115635328605128
0.021444460512471206
0.02173723961876538
0.022034787118237916
0.02233720193252796
0.02264458553539175
0.022957042064266485
0.023274678428061833
0.023597604417980353
0.023925932824694164
0.024259779564453087
0.024599263816978998
0.024944508179104628
0.02529563884052988
0.025652785790293234
0.026016083097394962
0.026385669284819793
0.026761688127292495
0.027144289126438577
0.02753361187170233
0.027929800219772854
0.02833300614819358
0.028743386543848424
0.029161102772738028
0.029586320619235783
0.030019210322101888
0.030459946638933207
0.03090870890889219
0.03136568111106798
0.03183105192804652
0.0323050148166525
0.03278776808137012
0.03327951494612169
0.03378046362192405
0.034290827368881484
0.03481082455138703
0.0353406786854972
0.03588061847743356
0.036430877852117884
0.0369916959705881
0.03756331723507391
0.03814599128044652
0.0387399729506865
0.03934552225894746
0.03996290432972563
0.040592389321578826
0.04123425232833899
0.041888773259758566
0.042556236693330564
0.04323693170414924
0.04393115166451482
0.044639194013970915
0.04536135999743979
0.046097954369511425
0.046849285062930957
0.04761566281931874
0.048397400780160506
0.049194814036123295
0.05000821913277719
0.05083793353085001
0.051684275019196785
0.05254756107874276
0.05342810819537373
0.05432623112243838
0.055242242086019556
0.056176449938835867
0.057129159256410385
0.0581006693766735
0.0590912733819568
0.06010125702291485
0.06113089758415589
0.06218046269164549
0.06325020906223906
0.06434038119601777
0.06545121001244078
0.06658291143168378
0.0677356849029108
0.06890971188161996
0.07010515425612038
0.07132215274108371
0.07256082520414417
0.07382126497934069
0.07510353913425093
0.07640768671058111
0.07773371694094587
0.07908160744753728
0.08045130242883666
0.08184271084097619
0.0832557045807926
0.08469011667804599
0.08614573950467812
0.08762232300937191
0.08911957298603126
0.09063714938512911
0.09217466467470592
0.0937316822751779
0.09530771504122967
0.09690222384896381
0.09851461626230627
0.1001442453030489
0.10179040833223929
0.10345234605295098
0.10512924164436581
0.10682022003692723
0.10852434733809271
0.11024063041791778
0.11196801666333403
0.11370539390956085
0.11545159055658871
0.11720537587810904
0.11896546053041078
0.12073049726279983
0.12249908184588765
0.12426975420784876
0.12604099979288458
0.12781125114048653
0.12957888968796805
0.13134224779706644
0.13309961100438505
0.1348492204944034
0.13658927579269986
0.1383179376759495
0.14003333129416745
0.14173354949956807
0.14341665637533485
0.1450806909565224
0.14672367113010382
0.14834359772937583
0.1499384587492788
0.15150623375451622
0.15304489840516985
0.15455242911155856
0.1560268078000717
0.15746602677526422
0.1588680936629439
0.1602310364185273
0.1615529083845848
0.1628317933812421
0.16406581081295854
0.165253120775164
0.16639192914431888
0.1674804926351301
0.16851712376822853
0.16950019597684918
0.17042814822770214
0.1712994899536104
0.1721128056755032
0.17286675954364528
0.17356009974503275
0.17419166276503767
0.17476037749201706
0.17526526915414764
0.17570546307818338
0.17608018826011992
0.17638878073784434
0.17663068675572732
0.176805465710781
0.17691279286942366
0.17695246184365163
0.17692438681099404
0.17682860447129073
0.17666527571748833
0.1764346870103545
0.17613725143910228
0.1757735094520166
0.17534412924142365
0.17484990676858023
0.17429176541617072
0.17367075525905135
0.1729880519477571
0.1722449552039626
0.17144288693254095
0.1705833889609413
0.16966812042326185
0.16869885482399788
0.1676774767513831
0.16660597843724193
0.1654864560068157
0.16432110563751295
0.16311221964436967
0.16186218260590532
0.1605734676698439
0.15924863323864985
0.15789032034884834
0.15650125130861658
0.15508423078420047
0.15364215206811038
0.1521780138932001
0.15069495215421158
0.14919630477427478
0.14768594103385516
0.14616702957314964
0.14464125271277
0.14311096449760372
0.14157880051643618
0.1400474731584594
0.13851973615296528
0.13699837179473326
0.13548618314961747
0.13398598931801844
0.13250062336007826
0.1310329327289586
0.1295857823123922
0.1281620604862457
0.12676468896939083
0.1253966378439332
0.1240609480778571
0.12276076581477821
0.1214993964584881
0.1202803968723909
0.11910775966897008
0.11798641964533683
0.11692390362073093
0.11592980049132527
0.11499971503475288
0.11412958006809715
0.11331847922176919
0.11256623567163138
0.11187302449397482
0.11123922876865798
0.11066536701467562
0.1101520537999637
0.10969997702371895
0.1093098828519693
0.10898256117121669
0.10871882017109309
0.10851941590008754
0.10838465837872921
0.10831409941405792
0.1083112030736069
0.10838010939313153
0.10852450473627188
0.10874834435264025
0.10905616316595464
0.10945337092677712
0.10994668079962958
0.11054489456890737
0.11126090132445836
0.11212061197791506
0.11313583082595402
0.11431089722420021
0.11563472471289063
0.11708781045875942
0.11866382085758019
0.12036238327979298
0.12219569090461993
0.12416728016688112
0.1262478302745847
0.12842309248572564
0.13068302812060267
0.13301942576492393
0.13542493807657638
0.1378923555618901
0.14041345337737401
0.14297374252094988
0.14557359164874695
0.14821931792397408
0.1509124071544062
0.15365330827852253
0.15644204682603483
0.15927843403731848
0.1621621542829565
0.1650928035147567
0.16806990432148897
0.17109290828022974
0.17416119047104484
0.17727403833506358
0.18043063557386368
0.18363004073824837
0.18687115912080846
0.19015270512678498
0.19347315033997103
0.19683064693547375
0.20022290784307228
0.2036469970022503
0.20709890624577965
0.21057251022856033
0.21405425146828122
0.21753602899161592
0.2210331999491509
0.22455252896083389
0.22809852977915235
0.2316750264527478
0.23528567287682567
0.23893423935720629
0.24262483591608985
0.2463621422186195
0.25015169182223823
0.2540002096044626
0.2579154528634452
0.2619026058457026
0.2659588932262874
0.2700780563511104
0.27425513926003914
0.2784865688619888
0.28276957336570896
0.2871018243454547
0.2914812351977248
0.29590584117373236
0.30037372308489413
0.3048829558824433
0.3094315722974875
0.3140175360983901
0.3186387219347913
0.32329289955330287
0.3279777215872472
0.33269071384168647
0.3374292676804435
0.34219063414840345
0.34697191959158774
0.35177008261011367
0.3565819322280343
0.3614041271972826
0.3662331763754605
0.3710654401324485
0.3758971327507587
0.3807243257909019
0.3855429523966435
0.3903488125107982
0.3951375790137049
0.3999048046727008
0.40464592999342475
0.4093562918587617
0.4140311329599306
0.4186656119813839
0.4232548145040745
0.4277937645887113
0.4322774369977438
0.4367007700118721
0.441058678794069
0.4453460692513422
0.44955785234181794
0.4536889587722342
0.4577343540285635
0.46168905368249574
0.4655481388994758
0.46930677211616406
0.4729602127823089
0.4765038331300493
0.47993313389221626
0.4832437599035637
0.4864315155166366
0.48949237976393156
0.4924225211983425
0.4952183123445653
0.4978763436952864
0.5003934371874921
0.502766659096175
0.5049933322851359
0.507071047757326
0.5089976754462111
0.5107713742230255
0.5123906010086267
0.5138541190346052
0.5151610051501877
0.5163106561689861
0.5173027942239555
0.5181374711090639
0.5188150715921059
0.5193363156893366
0.5197022598990629
0.5199142973980739
0.5199741572118162
0.519883902376485
0.5196459271188321
0.5192629530873627
0.5187380246701224
0.5180745034907848
0.5172760620384576
0.5163466766406456
0.5152906197510676
0.514112451683446
0.5128170118809128
0.5114094098257108
0.5098950156987108
0.508279450897564
0.5065685785112032
0.5047684938181687
0.5028855148109601
0.5009261726184141
0.498897201445503
0.4968055271590387
0.49465825267777536
0.492462636297303
0.4902260547777141
0.4879559325499922
0.4856595908386589
0.4833438811970282
0.4810140630920426
0.4786665152595736
0.4763072822698104
0.4739780510620798
0.47171045505837955
0.4695377906070821
0.46750226706342307
0.465678028041274
0.46418559963990214
0.46291953841830336
0.46180741865849706
0.4608133236160264
0.45991218971002223
0.45908432335240673
0.45831306275148087
0.4575851234645329
0.45689000468782337
0.45621830217250947
0.4555614416292161
0.45491169315821006
0.4542621043570316
0.4536064320905898
0.45293908936541605
0.4522551055208436
0.45155009675587393
0.45082024462243364
0.4500622807210559
0.44927347628438064
0.44845163572800445
0.4475950934078129
0.44670271306640924
0.44577388947149843
0.4448085517256063
0.44380716749268206
0.44277074675846184
0.4417008421530896
0.44059953901210214
0.43946942361027713
0.4383135405773494
0.43713382012785734
0.4359350853994116
0.43472700036743656
0.43351786577089363
0.43231688949411184
0.4311344154777044
0.4299821838410168
0.4288736532592373
0.42782443563120026
0.4268529325762651
0.42598134468760473
0.42523743488589977
0.42465807900409136
0.4242985176010087
0.42428516023311247
0.42469605147695444
0.42536713731797776
0.4262266173360692
0.42723044928807613
0.4283457381623388
0.4295457984635927
0.43080793692610114
0.43211226736740865
0.4334410054725354
0.43477801691182616
0.4361085113395385
0.43741882596650467
0.4386962668828944
0.4399289890289434
0.4411059027460707
0.442216598917011
0.44325128714310685
0.44420074288704053
0.44505626038873947
0.4458096086285512
0.44645298775336284
0.4469789831495765
0.4473805138505177
0.4476507705135515
0.44778313595819363
0.4477710763735686
0.44760798137558916
0.447286908108209
0.44680012320436197
0.44613812831592736
0.4452864734897511
0.44421224242634744
0.44292337280745825
0.4414513751070443
0.43981063965174
0.43801137028487414
0.43606197847689343
0.43396989908586925
0.43174197186862917
0.42938464425872624
0.42690408592426465
0.42430625435981706
0.42159693060757425
0.41878173520952905
0.4158661299877197
0.4128554087831102
0.40975467881064936
0.40656883331970795
0.40330251553371543
0.39996007323317545
0.3965455027371105
0.3930623803275033
0.38951377824837913
0.38590216078348455
0.38222925436140326
0.37849588061084366
0.3747017353112807
0.3708450813765158
0.3669222938152615
0.36292712098957935
0.3588493159514444
0.35467149705695733
0.3503575073528327
0.3458299095584047
0.3411673348319835
0.3364222733227275
0.3316231760188829
0.32679042227769656
0.32193995942172
0.31708484375942453
0.31223606270541915
0.30740304032559834
0.3025939811354967
0.2978161222412928
0.2930759296253106
0.288379258797748
0.2837314925560863
0.2791376650945237
0.2746025805842066
0.27013093525821186
0.265727455797947
0.2613970765121297
0.2571452038651429
0.2529782105433806
0.24890495284145128
0.24494276535666998
0.24109565959997528
0.23735083206780638
0.23370411151079903
0.23015498362622325
0.2267061590635703
0.22336701290012356
0.22013235251378288
0.21700596809269762
0.21399943935473578
0.21114733567000696
0.20843526790222544
0.20582249830572286
0.20328902419177022
0.2008206158881509
0.19840562689085334
0.19603387193403665
0.19369602603933336
0.19138321035671585
0.18908662477350913
0.18679711859339948
0.18450452465658057
0.1821962399050727
0.17985087756878462
0.17743647931250442
0.174977754711656
0.17249253850256718
0.16998961198904688
0.1674754145633093
0.16495537149671047
0.1624344369767675
0.1599173729445174
0.1574089138405614
0.15491387548504984
0.15243723585099941
0.14998420239879195
0.1475602757796196
0.14517131767654817
0.1428236307743056
0.14052406109989574
0.1382801382649115
0.1361002803259431
0.1339941147283068
0.13197302808369013
0.13005124064436704
0.1282485068257041
0.12660376136000814
0.12515960798029574
0.12386616244693904
0.12269914703566688
0.12164603096327824
0.12069835997612681
0.11984986956178353
0.11909567386918299
0.11843184698786301
0.11785518473245597
0.11736306239950005
0.11695334938927444
0.116624360792297
0.11637483523647539
0.11620393317928236
0.1161112527145272
0.11609686189358165
0.1161613480577833
0.11630588629018723
0.11653233031008225
0.11684333221835227
0.1172425002154717
0.11773460970446993
0.11832589342501601
0.1190244562527201
0.11984090204590986
0.12078935729225454
0.12188934123851672
0.12316985145023092
0.12468250939923646
0.12655725758293787
0.12872906996978797
0.1310865291214519
0.13357773837791143
0.13616585396161018
0.13882125251998742
0.14151846661820877
0.1442345826531442
0.1469482219464873
0.14963875941308702
0.15228558053908448
0.15486717094855212
0.15735963152931814
0.15973320871013394
0.16193342536037658
0.1639206531089473
0.16574607717775966
0.16742848800304813
0.16897665595899844
0.17039565792490713
0.1716886820674813
0.1728578268188736
0.1739045230016174
0.1748297819625843
0.175634352680916
0.1763188268006412
0.17688371191018648
0.17732948450564087
0.17765662945847385
0.1778656702333454
0.17795719257781853
0.17793186346063775
0.17779044642869332
0.17753381415538388
0.1771629586906487
0.17667899975048984
0.176083191268701
0.17537692636929714
0.17456174086348092
0.17363931535825558
0.1726114760451052
0.17148019423161107
0.1702475846763445
0.168915902787453
0.1674875407466199
0.16596502262177343
0.16435099853363935
0.16264823794266112
0.16085962212388175
0.15898813589804137
0.157036858687392
0.15500895505643153
0.15290766425461214
0.1507362902045564
0.1484981901673485
0.1461967635248101
0.14383544019211464
0.14141766881381887
0.13894690480291738
0.13642659828052542
0.13386018197165975
0.13125105911036972
0.12860259140516667
0.12591808711336597
0.12320078927059241
0.12045386411940832
0.11768038977877696
0.11488334519940814
0.11206559941065841
0.10922990117607055
0.10637886898571469
0.10351498150170765
0.1006405684614528
0.09775780208357275
0.09486868902107785
0.09197506291437739
0.08907857760906589
0.08618070112172332
0.0832827104635729
0.08038568747009811
0.07749051583933601
0.07459787965943097
0.07170826381726501
0.0688219568230691
0.06593905694076733
0.06305948250184798
0.06018298843563263
0.05730919132971544
0.05443760723404893
0.05156770904187942
0.04869901530083103
0.04583123124119091
0.04296447764436381
0.040099665034680335
0.03723910256618731
0.03438751723133931
0.031554135117810446
0.02876208323731146
0.02604698516512953
0.0233495222354894
0.020634047750293854
0.017877137977834304
0.015055942191298218
0.01212989932777847
0.0090751009209875
0.005939029821205824
0.002737854677021387
-0.0005173297005835107
-0.0038179529923866424
-0.0071567717187777284
-0.01052733274410272
-0.013923696466737079
-0.017340278801641563
-0.020771754534123374
-0.024212995257066484
-0.027659028080559173
-0.031105007576543324
-0.034546196149469195
-0.0379779504293358
-0.041395711576958115
-0.04479499839889951
-0.04817140239779778
-0.05152058413841007
-0.054838270462582994
-0.05812025218678851
-0.061362381981174184
-0.06456057216956841
-0.06771079221154322
-0.07080906563358451
-0.07385146616765992
-0.07683411283106865
-0.07975316363855119
-0.08260480756964456
-0.08538525431587571
-0.08809072117700757
-0.09071741625431415
-0.0932615167376124
-0.09571914053453391
-0.09808630858933926
-0.10035889369162236
-0.10253254876303859
-0.10460260211824281
-0.10656389543625026
-0.10841051168822773
-0.1101352580492167
-0.11172847594294931
-0.11317423525652892
-0.11443938557058528
-0.11555637233407624
-0.11653967804698288
-0.11739698328556367
-0.118133023922129
-0.1187504710873882
-0.1192490223946648
-0.11962157920537175
-0.11988155708292814
-0.120043142464174
-0.12011493670323098
-0.12010403003233522
-0.12001660097104686
-0.11985818919972245
-0.11963384572256543
-0.11934822614126984
-0.1190056536410471
-0.11861016378093554
-0.11816553726957936
-0.11767532420956689
-0.11714286178988866
-0.1165712864939731
-0.11596354113775824
-0.11532237628958887
-0.11465034467738741
-0.11394978592032705
-0.11322279728547346
-0.11247118442858797
-0.11169638522999577
-0.1108993620101693
-0.1100804651959058
-0.10923928460901658
-0.10837451507952277
-0.10748385714917044
-0.10656394731276793
-0.1056102732149044
-0.10461699190419883
-0.10357650024278642
-0.10247835833778673
-0.10130560418144981
-0.10002143964376747
-0.09864215897914477
-0.09718758216202672
-0.09566587501741629
-0.0940822733578105
-0.09244065804842636
-0.09074416558346332
-0.08899548754943709
-0.0871970373715686
-0.08535105069779715
-0.08345964899409943
-0.08152488124908083
-0.07954875200235484
-0.07753324055662081
-0.07548031442650867
-0.07339193905812809
-0.07127008528127872
-0.0691167356951005
-0.06693389126152582
-0.06472358005951744
-0.06248787211413823
-0.06022890855210917
-0.05794897248060011
-0.055650649771336866
-0.053336021665425275
-0.051006283332446355
-0.04866299876078825
-0.04630798842513984
-0.0439432158655863
-0.041570743418628736
-0.039195346323913444
-0.03681662267806199
-0.0344297275012055
-0.032035660933058034
-0.02963862303582683
-0.027241879411262892
-0.02484801848648232
-0.02245939873606664
-0.020078283580298475
-0.01770688660862911
-0.015347392029327904
-0.013001966072944552
-0.010672764156922608
-0.008361935908763097
-0.00607162901854435
-0.0038039925342784535
-0.0015611799748847868
0.0006546474701614276
0.002841317440997184
0.0049966424185268095
0.00711841506243724
0.009204402681576409
0.011252340618174752
0.013259924288676159
0.015224799567304817
0.017144551117996024
0.019016688151881005
0.02083862702664544
0.022607669562836486
0.02432097611317214
0.02597553138121911
0.027568100464374374
0.029095171152040928
0.030552876255347073
0.03193688570421219
0.0332422504790888
0.034463164662386934
0.03559257574297652
0.036621477112991956
0.03753739418612456
0.03831998685399686
0.038917145154718086
0.039341949031276545
0.03964444933336989
0.03984587569817705
0.03996037560893547
0.039998647320456514
0.03996931221212522
0.039879584778908725
0.03973565193896958
0.039542909115799225
0.03930611727112975
0.03902951264570543
0.038716886435448204
0.03837164441872851
0.0379968526794284
0.03759527335847162
0.03716939303495607
0.03672144550281417
0.036253430133608704
0.035767126712540405
0.03526410723980098
0.034745745108024376
0.03421322182279584
0.03366753130769483
0.0331094816824884
0.0325396942395526
0.03195859914760998
0.03136642715935478
0.030763196254948534
0.03014869165964195
0.029522436932697453
0.02888365265567276
0.028231197295298292
0.02756348132776974
0.026878338953746916
0.026172827351190232
0.02544288868293374
0.024682710796273547
0.02388324765221184
0.023026959717348767
0.022075950690076986
0.021066873422259165
0.020024024434685032
0.018961493066712035
0.01789084423468415
0.01682571061434473
0.01577636924360858
0.014738633202069557
0.013713826951030801
0.012705250024978158
0.011719896937871477
0.010764087439281497
0.009830047283122513
0.008913557035241557
0.008012630956410022
0.007125962789051895
0.0062525585724900416
0.005391562974876245
0.004542138705496986
0.003703343749297191
0.002873944510259285
0.0020517809590608893
0.0012314048344230705
0.00041618364504903245
-0.00038930920825047194
-0.0011828350653179454
-0.001962768345366751
-0.0027277960583602587
-0.003476797024010539
-0.004208782957409438
-0.004922865538581786
-0.005618236248745603
-0.006294153230781816
-0.006949932330603985
-0.007584940778691287
-0.008198592620408096
-0.008790345352977326
-0.009359697426198984
-0.009906186382937767
-0.010429387488209922
-0.010928912738703363
-0.011404410172805766
-0.011855563327066361
-0.012282090852289708
-0.012683745933840416
-0.013060315537893323
-0.01341161954530005
-0.013737675899627027
-0.01403827234455533
-0.014313254500910408
-0.014562573040404293
-0.01478621417536348
-0.014984201135320228
-0.01515659535733343
-0.01530349739821329
-0.01542504768825121
-0.015521427233656961
-0.015592858328337194
-0.015639605285352586
-0.015661975217507958
-0.0156603188253625
-0.015635031212436735
-0.015586552709815363
-0.01551536970573544
-0.015422015474872059
-0.015307071002831702
-0.015171165802038923
-0.015014978715811958
-0.014839238708098312
-0.0146447256369378
-0.01443227100839009
-0.014202758698642211
-0.013957125610991512
-0.013696362219436542
-0.013421513240184113
-0.01313367883156635
-0.01283401734847326
-0.012523746100141127
-0.012204121447539087
-0.011876367750427412
-0.011541839978045849
-0.011202141166246017
-0.010858847259059494
-0.010513608048793364
-0.01016817460682927
-0.009824361857048701
-0.009484054145436915
-0.009149222699892046
-0.008821939342999819
-0.008504390013192111
-0.008198891723295994
-0.007907915250742551
-0.007634115953482959
-0.007380376575628792
-0.00714986842270673
-0.0069461420820055185
-0.00677326857647656
-0.0066360738268245656
-0.006540566700623975
-0.006494847056655612
-0.006511637144197607
-0.006623402299600626
-0.006831298352398386
-0.007096538972557696
-0.007402483438598542
-0.007738008533952494
-0.008094528170777129
-0.008464931390674923
-0.008843072432253038
-0.009223480341289919
-0.009601172020920637
-0.009971517992310467
-0.010330134135169328
-0.010672781657784007
-0.010995258646058565
-0.01129325946973158
-0.011562153360423214
-0.011796544160157369
-0.01198892810080392
-0.012123525158856674
-0.012202759309811862
-0.012239500207212718
-0.012238276562628745
-0.012201500706016307
-0.012130547200900925
-0.012026145790383365
-0.011888565101158337
-0.011717704991211107
-0.011513137652277834
-0.011274110892289269
-0.010999512482491085
-0.010687778311019533
-0.010336692030253678
-0.009942901732439686
-0.009499919188290767
-0.008994136978682895
-0.008435279674679236
-0.007834468994395799
-0.0071970782754078675
-0.006526944707549677
-0.005827149821214066
-0.005100326587161662
-0.004348816889235974
-0.003574763867718849
-0.0027801709609882935
-0.0019669419743943302
-0.0011369094516400764
-0.000291855385734921
0.0005664733287213305
0.0014363531887793147
0.0023160751204572344
0.0032039375673056105
0.004098241130340711
0.004997284381034785
0.005899360563307156
0.006802754907279181
0.007705742378396226
0.008606585622702313
0.009503532903630834
0.01039481577898398
0.011278646203539253
0.012153212623678192
0.013016674416228441
0.01386715362713088
0.014702722189402532
0.015521381154106326
0.01632102460976232
0.017099371467006214
0.017853832945673213
0.018581090448499808
0.01927408711477754
0.019936148047510635
0.02056921202219455
0.021173601650713775
0.021749117654804917
0.022295268060358503
0.02281136876995481
0.02329658935543659
0.023749972740682718
0.024170438430753786
0.024556773281734286
0.024907620516995018
0.025221459408208653
0.025496284961768683
0.025729435246090088
0.025917333820157328
0.02605406249955059
0.0261244586523124
0.026132720139510218
0.02609506036224975
0.026018801999526168
0.025909074708064146
0.025769977583254822
0.02560500546152905
0.02541725710111757
0.025209553893393695
0.024984515270225164
0.024744611190776585
0.024492202309688647
0.02422957449781484
0.023958973367846897
0.023682646079737652
0.023402903692424256
0.02312222402319515
0.022843308299410593
0.022572597203067184
0.022307966815653665
0.02204826535049836
0.02179365900521871
0.021544578358990183
0.021301611535712486
0.02106543485606801
0.02083677640273942
0.020616395703205483
0.02040507166272997
0.02020359513101477
0.020012764273512944
0.01983338173625215
0.019666252992676197
0.019512185487111817
0.019371988269983372
0.019246471892298132
0.019136448312255132
0.01904273053584248
0.018966131638282185
0.018907462699608385
0.018867529037867106
0.018847123956248234
0.01884701908941458
0.018867950453145082
0.0189105996616914
0.01897557071537865
0.019063364407981676
0.019174354504502625
0.019308771460841583
0.019466699554582065
0.019648090752641692
0.01985279507296509
0.020080604018177853
0.020331303169009204
0.020604732480418615
0.020900858062711265
0.02121986857817041
0.021562330717767173
0.02192951337612641
0.022324630182225004
0.022755730127440126
0.023217665583774815
0.023701423056354604
0.024202265391342053
0.024716604820175018
0.025241383858722346
0.02577386243599628
0.02631151316435295
0.026851961451802835
0.027392947612922935
0.027932300848113194
0.028467919949245104
0.0289977578090974
0.02951980786843628
0.030032091126690308
0.030532642500999074
0.03101949520336543
0.03149066134103501
0.031944105834369955
0.03237770810676167
0.0327891993406288
0.0331760488537911
0.03353532334115179
0.033860968522636176
0.03415320282732616
0.03441256796232263
0.03463785855766516
0.034827158781250485
0.034977648385971144
0.035084806536837404
0.0351374194286497
0.035133170814961354
0.03508529726900247
0.03499913975158838
0.03487789558978555
0.03472374003409876
0.0345381639983969
0.03432205790050841
0.03407559054456094
0.033797618100245494
0.03348194239282985
0.033131059497824585
0.032755912388929574
0.03236245013603904
0.03195550593748378
0.031539496634150885
0.03111870821385977
0.030697471276033905
0.030280311565491106
0.0298721229634551
0.029478421316333384
0.029105808323904164
0.02876308099853724
0.028466573529733
0.028237146405787127
0.028050871876197106
0.027896464838094832
0.027767857958201754
0.027660909016233404
0.027572514643266027
0.027500228195286896
0.027442059177134888
0.027396354451769925
0.027361720755786974
0.027336952230354192
0.027320823036510764
0.02731257546134367
0.027311846230379112
0.027318208146719442
0.027331322710867544
0.027350950668040417
0.0273769521528775
0.027409289505428924
0.02744803386628913
0.027493377746586986
0.027545658199510433
0.02760540122202386
0.027673419129534575
0.027751135295173732
0.02784190681185973
0.027946750043007413
0.028061639029189716
0.02818464365130289
0.028314695241626952
0.028451044936113626
0.028593134967304583
0.028740540472090473
0.02889293700115308
0.029050080277796233
0.02921179259669531
0.029377953199385142
0.029548491225331312
0.02972338045192979
0.029902635369721955
0.03008630833730985
0.03027448769096981
0.03046729678161547
0.03066489399757358
0.03086747392145657
0.031075269878999244
0.031288558289522136
0.03150766544913412
0.031732977737632756
0.03196495683237326
0.032204162569068225
0.03245128808248382
0.032707215933548583
0.03297311313326582
0.033250606723345996
0.03354215434960853
0.03385194364805667
0.03418545852468305
0.03453897557726358
0.03490402104323091
0.03527453781482206
0.03564584471857862
0.03601383342912474
0.03637363410836933
0.03672041704617771
0.03704906035916105
0.037353608340527186
0.03762623679345746
0.037851475113467974
0.03802107548733208
0.038148577520977535
0.038238334758532715
0.03829257782576208
0.038312654642319297
0.03829945761925936
0.03825361573707731
0.03817559660430799
0.03806576656334031
0.037924428701872084
0.03775184810585061
0.03754826937076866
0.03731392907512599
0.037049064900584655
0.03675392243014271
0.03642876029783522
0.03607385414225925
0.03568949967626344
0.03527601509382353
0.034833742973961856
0.03436305179968952
0.03386433718074989
0.033338022848315246
0.0327845614751093
0.03220443537634435
0.03159815705308098
0.030966269794635393
0.030309348120330804
0.029627998274034142
0.028922858725404003
0.02819460072257698
0.027443928936695106
0.026671582254945217
0.025878334811578533
0.02506499740773983
0.024232419553077818
0.023381492541043065
0.022513158746005117
0.02162844979738374
0.020728344549692346
0.01981377820754899
0.01888578683103499
0.017945466944552787
0.016993966537591155
0.016032482280053644
0.015062253817459539
0.014084549977370707
0.013100637320264029
0.012111709867342902
0.011118729204399496
0.01012203782638028
0.009120269929996917
0.008104362995242703
0.007067135290758932
0.006037967064007032
0.005036429346330781
0.004084797559688455
0.0032275586958612915
0.002451570680978603
0.0017282686495179165
0.0010461397974401718
0.00039784147454046087
-0.0002219722295729358
-0.0008174544789236793
-0.0013919541791642931
-0.0019482341040055696
-0.0024886062216338835
-0.0030150217811431936
-0.0035291344102650946
-0.004032346154423516
-0.004525842972791006
-0.005010624967970047
-0.005487513627038244
-0.00595715605295035
-0.006421114344701353
-0.006871888420247259
-0.007313695511075689
-0.007748985845815466
-0.008179065293063623
-0.008604901972903808
-0.009027275122586212
-0.00944683061703435
-0.009864109728268003
-0.010279566372208193
-0.010693578496053948
-0.0111064561655954
-0.011518447657073935
-0.011929744278902126
-0.012340484354538765
-0.012750756636565637
-0.013160603329539717
-0.013570022838735324
-0.013978972328356778
-0.014387370145429592
-0.01479509814929249
-0.01520200397403739
-0.015607903242038566
-0.016012581739683545
-0.016415797560905727
-0.0168172832196859
-0.017216747729037418
-0.017613878640922818
-0.018008344038922274
-0.018399794473196347
-0.018787864828722786
-0.019172176091971336
-0.019552337051765224
-0.019927945848526637
-0.020298591405062655
-0.02066385469899471
-0.021023309860115386
-0.021376525071871325
-0.02172306325567631
-0.02206248251639743
-0.02239433632709051
-0.022718173430821484
-0.023033537437088736
-0.02333996608980399
-0.02363699018275722
-0.023924132096649012
-0.024200903932772657
-0.024466805184173112
-0.024721319963756157
-0.0249639136505785
-0.02519402893911748
-0.025411081155765246
-0.025614452680624778
-0.02580348621634795
-0.025977476484824593
-0.0261356596359388
-0.026277199066020197
-0.026401165075834933
-0.026506502751861248
-0.026591974033792192
-0.02665602205917318
-0.02669593198632006
-0.0267093566128123
-0.026698007036052473
-0.02666207116872438
-0.026601148050488937
-0.026514540115793142
-0.02640132046463472
-0.02626035009558524
-0.02609027068736181
-0.025889478863064877
-0.02565607985102935
-0.02538781163876221
-0.025081919730194625
-0.024734938171196222
-0.024342265177624254
-0.023897179189902713
-0.023387351063915162
-0.02278331974453269
-0.02210815599413382
-0.021386759558868294
-0.020632012680813817
-0.0198524038612478
-0.01905296203086297
-0.01823669507285615
-0.017405812397871992
-0.016562199629028936
-0.01570755504971589
-0.014843432767838935
-0.013971261399063644
-0.013092355242726783
-0.012207922414754819
-0.011319071297809584
-0.010426815832304441
-0.00953207992005972
-0.008635701116002733
-0.00773843375712688
-0.006840951625540162
-0.00594385025034291
-0.005047648922480546
-0.004152792489893383
-0.0032596529895006082
-0.0023685311641356787
-0.0014796579054167458
-0.0005931956574132597
0.0002907601893702239
0.0011721798889293199
0.002051097895195076
0.0029276113656380195
0.0038018786006889433
0.004674117406249057
0.005544603401556629
0.006413668206978108
0.007281697605451442
0.008149129623599254
0.00901645257850648
0.009884203114950375
0.010752964274725033
0.011623363656309681
0.012496071745843995
0.013371800532226124
0.014251302564969426
0.015135370681158548
0.016024838730840065
0.016920583792024702
0.017823530630351872
0.018734659605475552
0.019655020046324828
0.020585752608098404
0.021528127373397928
0.022483611664673855
0.023454000890050952
0.02444170988416306
0.025450720139673835
0.026491269815235627
0.027561407661675332
0.02864797285021062
0.02974483354273019
0.030847706847418516
0.03195313798939944
0.03305814796401889
0.03416005954464136
0.035256228930528356
0.03634414304928664
0.03742238437305583
0.03848920708902529
0.03954291066469252
0.040581855121604976
0.04160445694119849
0.042609185513701645
0.04359455909268671
0.04455914020351457
0.045501530426426705
0.04642036428212255
0.04731430175412339
0.0481820187452642
0.0490221944041772
0.04983349364071385
0.05061454201734792
0.051363887991598606
0.052079942670340926
0.05276087571460273
0.05340441264542407
0.05400735445522633
0.05456345219292741
0.05506158582340694
0.0555143242431799
0.05593017690714285
0.05631393099218435
0.05666925590491859
0.056999329911648286
0.05730714731061703
0.05759573143974573
0.05786831399722078
0.05812850093785963
0.05838045271091338
0.05862917079717762
0.05888119326361792
0.05914905817962321
0.059440397231212846
0.059746804757254086
0.060065588471510785
0.06039571880716002
0.06073669976759699
0.061088262828936105
0.061450235117799366
0.061822472782533354
0.062204824206921805
0.06259710867464402
0.06299910374854262
0.0634105378906611
0.06383108637668362
0.06426036940584609
0.06469795165309684
0.06514334284756325
0.06559599905783671
0.06605532447381357
0.0665206735302843
0.0669913532544909
0.0674666257434502
0.0679457106912855
0.0684277878945673
0.06891199966592071
0.06939745308317634
0.06988322199245016
0.0703683486669881
0.07085184499179115
0.07133269302832114
0.07180984465344134
0.07228221998736088
0.07274870396874121
0.07320814012690925
0.07365931980178328
0.07410096341317095
0.07453168640842096
0.07494993180800001
0.07535382941431198
0.07574107938322001
0.07610493542752465
0.07645080916808153
0.07678008115644991
0.07709353474258863
0.07739166350952806
0.07767485851974451
0.07794469008694045
0.07820013399534452
0.07844004782104343
0.07866389288120525
0.078871183584647
0.07906148122744894
0.07923438375674063
0.0793895196132178
0.0795265448792129
0.07964514217873822
0.07974502043354838
0.07982591501601817
0.07988758805622116
0.0799298287642802
0.07995245367946262
0.07995530676581218
0.0799382593093003
0.07990120950075771
0.07984408160884948
0.07976682454549433
0.07966940950154965
0.07955182604652117
0.07941407543737672
0.07925615824548274
0.07907804890030137
0.07887961546273511
0.07866021200203943
0.07842031100834841
0.07816112701486219
0.0778833923239414
0.07758776416137876
0.07727488696737214
0.07694541343102768
0.07660001600843905
0.07623939435823651
0.07586428097719045
0.07547544624579638
0.0750737036713554
0.07465991600375395
0.0742350029763686
0.0737999516817057
0.07335583110051119
0.07290381324526142
0.07244520514085555
0.07198149927218787
0.0715144569973905
0.07104625393765092
0.07057974892434596
0.07011901958364349
0.06967058259951545
0.06924759794799822
0.06887737927294216
0.06853541017512169
0.06820563748857977
0.06788071035864575
0.0675559943996728
0.06722819164027327
0.06689477243209864
0.06655369773256405
0.06620326877025032
0.06584203912169825
0.065468759895006
0.06508234364830834
0.06468183952212789
0.06426641535281288
0.06383534436484264
0.06338799489192201
0.0629238221753383
0.06244236159048939
0.06194322285285974
0.06142608487939184
0.060890691061161704
0.0603368447545754
0.059764404830256995
0.05917328113672766
0.05856342974271893
0.05793484781854884
0.0572875680029153
0.05662165208017355
0.05593718370871737
0.055234259990087034
0.054512981356983584
0.053773439276329146
0.0530157008394344
0.05223978881573269
0.051445654739927724
0.05063314057917909
0.049801919989779904
0.04895139841068064
0.04808051329145761
0.04718721850166819
0.04626538115219084
0.045315333646569624
0.0443442467966541
0.04335498112143891
0.04234899175100787
0.041325622876182445
0.04028483018488435
0.03923211429161031
0.038170929072631546
0.037103878354510296
0.03603323155715188
0.034961068720658565
0.03388935217673694
0.032819970160087385
0.03175476736442967
0.030695569152086256
0.02964420326121942
0.028602521981944684
0.027572428055316688
0.02655590915803121
0.025555090122651083
0.02457232414050266
0.023610390817327912
0.02267317146969462
0.021767918712929483
0.020894872554851097
0.02004871907177361
0.019227817162552247
0.01843155731028016
0.017659824511947378
0.016912852999698084
0.016191198896440162
0.015495806909569752
0.014828244625350508
0.01419149758421688
0.013594312699842298
0.013030943311142787
0.012491619101703079
0.0119717000692775
0.011467954931872838
0.010977889748527158
0.010499485603994706
0.01003106568562041
0.009571217556654384
0.009118743276569141
0.0086726251935613
0.008232001269462146
0.007796146549599639
0.00736445877660862
0.0069364469008188915
0.006511721675003693
0.006089987787897392
0.0056710371391127294
0.005254743023380136
0.004841054972455727
0.004429994147934951
0.004021649158721327
0.003616172222598539
0.003213775609054706
0.0028147283164376463
0.0024193529494644897
0.002028022774123579
0.0016411589368975463
0.0012592278446779072
0.0008827387113495714
0.0005122412874386824
0.00014832380118257122
-0.00020838884505939662
-0.0005572365685103326
-0.0008975251885528383
-0.0012285270022840042
-0.0015494806743395109
-0.0018595902194436678
-0.00215802275165821
-0.002443904525773119
-0.002716314556432195
-0.00297427469790157
-0.0032167343532904617
-0.003442546627993437
-0.003650429947900589
-0.003838902715171855
-0.004006161165529825
-0.004149810514348086
-0.004266003968476864
-0.004345846913906799
-0.00439286635221521
-0.004413574719125404
-0.004410949050901601
-0.004387116042677171
-0.004343807847249186
-0.004282529274939998
-0.004204636664940157
-0.004111380195841466
-0.004003928394334011
-0.0038833830096096545
-0.0037507882660186755
-0.0036071366409942307
-0.0034533723907386863
-0.0032903935514777653
-0.0031190528607669787
-0.002940157883108297
-0.002754470486932216
-0.002562705794890589
-0.0023655306275566284
-0.0021635614458528026
-0.001957361748010815
-0.0017474388366720485
-0.0015342398233749916
-0.001318146676374064
-0.0010994700350816743
-0.0008784413976668367
-0.0006552031166070443
-0.00042979537382080224
-0.00020213888447602663
2.7988638986011995e-5
0.00026098553804804203
0.0004974746194419278
0.0007383784908265637
0.0009850476723052815
0.0012395117798490107
0.0015051194039108937
0.0017901351204003225
0.00209943694745749
0.002422354190377509
0.002754122720627952
0.0030916273027904143
0.0034323539789036118
0.0037740094203106093
0.00411422246254673
0.004450040558319895
0.00477529813594456
0.0050872790626768525
0.005394634277469367
0.005701025451457617
0.006008994791453065
0.006320629656527659
0.006637820301182295
0.0069623994931393655
0.007296251104061673
0.007641431624012385
0.008000360057363223
0.00837620615809494
0.008774063769778845
0.009204922658708356
0.009657770483874475
0.01012864396792884
0.01061504809902244
0.011115192140021267
0.011627649977001553
0.012151209009890501
0.012684791904874308
0.013227411125457948
0.013778140389338852
0.014336095736236013
0.014900422445906676
0.015470285708626847
0.016044863801255364
0.016623342988139875
0.017204913635613883
0.017788767191320737
0.01837409378064411
0.018960080236454353
0.01954590841863791
0.020130753703505404
0.02071378353789595
0.021294155944583518
0.021871017869563462
0.022443503222478192
0.02301073043590418
0.02357179936252288
0.02412578754377158
0.024671746739261435
0.02520869673147174
0.02573536342156371
0.026250927718598816
0.02675444682898204
0.027244813460054713
0.027720817194796608
0.028181100008958116
0.028624091925448316
0.029047929191868653
0.029449580517427458
0.029820667103408305
0.03016459202244571
0.03048542805076545
0.030784876198240663
0.03106406094744872
0.03132380634489407
0.03156461645210097
0.031786983820719525
0.03199191233808239
0.03218031894956155
0.03235300690040255
0.0325107522258444
0.03265432988251192
0.03278452663040397
0.03290214999287468
0.033008036049095045
0.033103057587655166
0.033188134014683755
0.03326424482859428
0.03333244949282003
0.03339391863244691
0.03344998573102668
0.03350223740143203
0.03355268007274447
0.03360407122164088
0.03366068312749114
0.03373145348507995
0.03383003664395952
0.03394077099002831
0.03405615859182219
0.034172477888700294
0.034287364827663216
0.034399138848508835
0.03450651342541212
0.03460845171018533
0.03470408811491344
0.03479268302802729
0.03487359541351611
0.034946265639034385
0.035010204444207146
0.0350649857395134
0.035110241861032364
0.03514566042136181
0.03517098219412516
0.03518599964953224
0.03519055587434267
0.035184543685590194
0.03516790481395322
0.03514062906264762
0.03510275339751734
0.03505436094362256
0.034995579888180396
0.03492658230514223
0.034847582927221336
0.03475883789727302
0.034660643533691436
0.034553335145158695
0.03443728592990476
0.03431290599476333
0.03418064153075964
0.03404097418567409
0.03389442068369604
0.03374153273441053
0.03358289734801422
0.0334191376039705
0.03325091405397213
0.033078926940961706
0.03290391952468653
0.03272668294547299
0.032548063298952885
0.03236897202040479
0.03219040148103202
0.0320134493437558
0.03183935895909185
0.03166959273903805
0.03150598502029475
0.03135113374946426
0.03120978867869942
0.031095930566580245
0.031005126572285425
0.03092663064904682
0.030857061703725888
0.030794643272101678
0.03073820147750083
0.03068685711736373
0.030639903776329448
0.030596749648369913
0.030556885824520427
0.030519867317064565
0.03048530091312311
0.030452836991326657
0.030422163775558328
0.03039300315281203
0.03036510751048658
0.030338257358626795
0.030312259270857216
0.030286944328598034
0.03026216672113737
0.03023780253262394
0.03021374865315405
0.030189921783339204
0.030166257513457487
0.030142709467431368
0.03011924850939085
0.030095862017161676
0.030072553233224796
0.03004934071003
0.030026257873527012
0.030003352737015265
0.029980687806586536
0.029958340240531414
0.029936402319916827
0.029914982351612492
0.02989420612201636
0.02987421909643378
0.029855189632075275
0.02983731360131079
0.029820821031273346
0.029805985726619157
0.029793139499388374
0.02978269391148514
0.02977517515825225
0.029771284201622252
0.02977201237600309
0.02977890905913405
0.029795142009913574
0.029828030790061598
0.029871166536526696
0.029917266501963146
0.029962579286300233
0.030004212334199754
0.030039562657234228
0.030065822314978268
0.030078068497531658
0.030075974779144192
0.03006312466826685
0.030040716753552226
0.0300094032631071
0.029969611549214042
0.02992165493497879
0.029865782435985245
0.029802203217217074
0.029731097635216794
0.02965261855982544
0.029566881402042073
0.029473929925941916
0.029373554213674317
0.02926520302079304
0.029150021401624742
0.029029034094776255
0.028902960376435003
0.02877244518563349
0.028638104836380483
0.028500545513920523
0.028360372746422516
0.028218196960766804
0.028074637113785616
0.02793032334640325
0.027785899170552554
0.027642023482682968
0.027499372238002383
0.02735863999466077
0.02722054178290543
0.027085815478607302
0.026955224688798508
0.026829562235661675
0.02670965440231023
0.026596366158738644
0.026490607653005448
0.02639334235267345
0.02630559737730437
0.026228476812143686
0.026163179207567104
0.026111021193690385
0.02607347048565628
0.02605219430154729
0.026049135391756673
0.026066644355627035
0.02610775312834633
0.026177040314872963
0.02628374130277886
0.026425982632555318
0.026600378412092444
0.02680889131692072
0.027059821291278707
0.02734542350458586
0.02765950553154594
0.02799882360976074
0.028361069036182348
0.028744446091586207
0.029147493758350664
0.02956898655232351
0.030007888537483696
0.030463347243413177
0.030934699106139985
0.03142147296559642
0.03192499877161884
0.03244373977375736
0.032974957921273466
0.0335172290909279
0.03406925736064573
0.03462984121538331
0.03519783561594636
0.03577212460590725
0.036351601185195793
0.03693515027152735
0.03752163163616664
0.03810985960350552
0.038698574405228205
0.039286393756450724
0.03987170996923256
0.040452338849366075
0.041024442808457864
0.04158897139963506
0.0421471122853182
0.042698957834125605
0.043244303264721916
0.043782788958856914
0.04431395396695137
0.04483725977991097
0.04535209988798835
0.04585779974711005
0.046353606917622
0.046838665770332175
0.04731195737799751
0.04777209936616314
0.048216444372893276
0.048644463234377926
0.04905799571644144
0.04945757058024828
0.04984334404479997
0.05021531539702314
0.0505733950890494
0.05091743764787964
0.0512472604758995
0.05156265574725546
0.051863398474763796
0.05214925224347065
0.052419973405125775
0.052675314184528484
0.052915024953817676
0.05313885582483485
0.053346557631681585
0.05353788231969121
0.05371258270355939
0.05387041149589149
0.054011119422253506
0.05413445210365944
0.05424014514948295
0.054327916443661174
0.054397453620312806
0.05444839230910709
0.0544802735611877
0.054492442561652005
0.05448360760910409
0.054451939723543785
0.05439977627364541
0.054328041495862255
0.054237384531708246
0.05412833872300047
0.05400138780444464
0.05385699527064921
0.053695619649486874
0.05351772330703435
0.05332377784370333
0.05311426751059815
0.05288969139016759
0.05265056476228514
0.052397419911064995
0.05213080653713854
0.051851291885632984
0.05155946067516875
0.051255914883200845
0.05094127344185444
0.05061617188439916
0.05028126198013336
0.049937211392533896
0.04958470339435938
0.049224436673462095
0.048857125264550605
0.04848349864575779
0.04810430204615481
0.04772029702419894
0.04733226240256562
0.046940995690247574
0.04654731520379168
0.04615206321786214
0.04575611074280717
0.045360364815073856
0.04496577987220015
0.044573375784198066
0.04418426705416355
0.04379971160506536
0.04342119663949372
0.04305060434302355
0.04269059335107257
0.042345972527172926
0.04202715314836163
0.041725103655672204
0.04143282371519261
0.04114709456141592
0.04086587178322847
0.040587735907119615
0.04031166289295839
0.04003690521453109
0.03976292285263237
0.039489340807999006
0.039215922662623366
0.038942555326552206
0.03866924327100494
0.038396113380688886
0.03812343633898213
0.03785168428794837
0.03758171595715755
0.037315318830383505
0.037051660638437824
0.03678902901119018
0.03652666903086877
0.03626405707453197
0.036000765356597575
0.03573641968485358
0.035470685832277936
0.03520327028594369
0.03493393028324022
0.03466248862571082
0.03438884670084041
0.03411298869936791
0.03383497407650274
0.0335549215473337
0.03327299102213088
0.03298936839697738
0.0327042549449122
0.03241786087261089
0.032130401864951995
0.03184209750532045
0.03155317077307673
0.03126384810140737
0.030974359693867134
0.0306849399240297
0.030395827722490623
0.03010726690048183
0.029819506384992013
0.029532800354596826
0.029247408273054287
0.028963594821939418
0.02868162973578608
0.02840178754430384
0.028124347226771238
0.027849591783992052
0.027577807743880245
0.027309284543759242
0.027044313952897896
0.02678318933241312
0.026526204897997823
0.0262736549315069
0.02602583296268609
0.025783030933835917
0.025545538362684528
0.025313641521692683
0.025087622655431893
0.024867759261550267
0.024654323465153206
0.024447581521161804
0.024247793484398455
0.024055213092887006
0.023870087916768586
0.02369265983046268
0.023523165883570014
0.023361839646354843
0.023208913138388895
0.023064619469819293
0.02292919637170884
0.02280289086086509
0.022685965395684796
0.02257870606252825
0.022481433644381266
0.022394518981608658
0.02231840509371564
0.022253640705043848
0.022200934772875387
0.02216125474486616
0.02213603729393334
0.0221278853215946
0.022143406954629363
0.0221814830205341
0.022234134468396546
0.022297762184448226
0.022369898623311832
0.022448514945041863
0.022531928646791762
0.022618695445568687
0.022707537567350597
0.022797304996430092
0.022886950760953834
0.0229755137340831
0.0230621060153709
0.023145903291893817
0.02322613721755709
0.023302089201439637
0.023373085196036602
0.023438491211822985
0.023497709352145478
0.023550174216064094
0.023595349542851637
0.023632724986414465
0.023661812911306878
0.023682145095299752
0.023693269205331498
0.023694744880279655
0.02368613919763536
0.023667021207196878
0.023636955055136626
0.023595490939273427
0.02354215260674146
0.023476419053270633
0.02339769578823018
0.023305266543929563
0.023198212403177165
0.02307497631417665
0.022933309593462837
0.022769765054810848
0.022587944953431263
0.02239128881347459
0.022181608693992366
0.02196025417122197
0.021728338298002737
0.021486832110326617
0.021236612871476213
0.020978492091701998
0.02071323327361743
0.020441563905178692
0.02016418401338832
0.019881772588406794
0.01959499266860322
0.01930449561178931
0.01901092492734458
0.018714919964808365
0.01841711971808796
0.01811816699862564
0.017818713251449524
0.017519424337545417
0.01722098769589232
0.016924121456617477
0.01662958636558541
0.01633820194230101
0.01605086946225989
0.015768607029691906
0.015492608672171986
0.01522435967441886
0.01496592240879479
0.01472137746329464
0.014495825574868613
0.014282271749086986
0.01407729610629272
0.013879060649858178
0.013686327461025513
0.013498192887662068
0.013313968637863589
0.013133117208810927
0.01295521266143229
0.012779915012418775
0.012606952677359725
0.012436110010430365
0.012267218232586453
0.012100148676180832
0.011934807696873566
0.011771136148879646
0.01160912625279499
0.011448736370984026
0.011289954159800357
0.011132798856170273
0.010977309383871215
0.010823541776166986
0.010671566316483538
0.010521464026735898
0.01037332136298604
0.01022722052652858
0.010083218748753875
0.009941296026521624
0.009801189306050971
0.009661433472252992
0.009522273806950825
0.00938662403310276
0.009256212379606955
0.009134971902788148
0.00901985441679182
0.008910442515443954
0.008806485280961097
0.008707883464094058
0.00861463057880472
0.00852677887513148
0.008444420863211975
0.00836767816241998
0.008296694068471886
0.008231628181243195
0.008172652253150253
0.008119946795156603
0.008073698171245286
0.00803409601708314
0.008001330881424434
0.007975592030137152
0.007957065389373583
0.00794593165882277
0.007942364728546652
0.007946530663785029
0.007958587421515608
0.00797862380807105
0.00800684135585848
0.008043385304966772
0.008088398318498535
0.008142042103949988
0.008204545450601668
0.008276468099992426
0.008358692755667571
0.008449169441661658
0.008546561611500329
0.008650084108748863
0.008759157791481845
0.008873329195348424
0.008992233118602535
0.009115567920837906
0.009243072744254042
0.009374501681504499
0.009509594203014027
0.009648046293919644
0.009789490741206523
0.009933493655212563
0.01007956698025397
0.010227189302568364
0.010375825535509389
0.01052493940070056
0.010673996476621303
0.010822456909299704
0.01096975459027377
0.011115250564722635
0.011258111919953934
0.011396718745518196
0.011528735000408933
0.01165935488976298
0.011789057408182169
0.011918297593248977
0.012047428703884927
0.01217671652992424
0.01230635616640292
0.012436485916548837
0.012567197242809193
0.012698541985843585
0.012830537794109533
0.012963172370548596
0.013096406919886635
0.013230179041917119
0.013364405230350249
0.013498983082521497
0.013633793290143862
0.013768701458136148
0.01390355978303864
0.014038208611993553
0.014172477895926938
0.014306188546395333
0.01443915369958182
0.014571179892489494
0.014702068150345752
0.014831614985008072
0.014959613301687784
0.015085853209472783
0.015210122728531119
0.015332208383114946
0.015451895663749063
0.015568969332883474
0.015683213533275984
0.015794411632510625
0.015902345690109704
0.016006795342634987
0.016107535708185648
0.01620433346699486
0.016296939092734417
0.0163850720646208
0.01646840027838723
0.01654603850720988
0.016618460433747803
0.01668596586789126
0.016748654114980353
0.016806567096581054
0.016859716233414115
0.016908096232370974
0.016951692132068354
0.016990483442805772
0.017024446814941644
0.017053557872091188
0.017077792533347156
0.017097128006126495
0.017111543557627125
0.017121021135522954
0.01712554588369212
0.017125106586347298
0.017119696064927838
0.017109311546648805
0.017093955019940158
0.017073633589505127
0.017048359841939465
0.01701815223147028
0.016983035494179195
0.016943041097882697
0.016898207733503014
0.01684858185213793
0.016794218245396994
0.016735180696373086
0.01667154262909758
0.016603387841450986
0.016530811242939883
0.01645391961101658
0.01637283234489562
0.01628768219848481
0.016198615973728035
0.01610579515727783
0.016009396487147016
0.015909612441705336
0.015806651650648675
0.01570073923568848
0.015592117096891733
0.015481044168129279
0.01536779667181375
0.015252668405869422
0.015135971107006799
0.015018034926501332
0.014899209070677601
0.014779862657875557
0.01466038585620345
0.014541191381860307
0.014422716459322006
0.014305425364071332
0.014189812658373107
0.01407640721926552
0.01396578024561042
0.013858607549605486
0.013755509175293968
0.013657185008865712
0.013564456005744458
0.01347827798756659
0.01339981171287363
0.01333056348926799
0.013272709898805348
0.013232691149100497
0.013208343247775535
0.01319508102275425
0.013191001764950538
0.01319488078235773
0.013205831883481125
0.013223185170923024
0.013246440637228263
0.013275281381581601
0.013309694374646068
0.013350252552787193
0.013395566897048697
0.013443679872466426
0.013493991957951881
0.013546162083862532
0.013599755766270934
0.013654360204681994
0.013709590132133485
0.013765086059201464
0.013820511881460966
0.013875552630071751
0.013929912543979874
0.013983313462585238
0.01403549349439825
0.014086205912878026
0.014135218236284934
0.014182311455669337
0.014227279378384397
0.014269928083565347
0.014310075419644856
0.014347550595301871
0.014382193799866584
0.014413855861770858
0.014442397931036842
0.014467691175393734
0.014489616479661765
0.014508064140639463
0.014522933561727378
0.014534132977888522
0.014541579276553715
0.014545198091265837
0.014544924299032631
0.014540701932276313
0.014532483019333861
0.014520226747508684
0.014503899199326273
0.01448347319321532
0.014458928071969362
0.01443024944432451
0.014397428899508196
0.014360463706904367
0.014319356507193695
0.014274114998600564
0.01422475162089865
0.014171283239770398
0.01411373083465171
0.014052119194290356
0.01398647662606752
0.013916834688005043
0.013843227956891403
0.01376569385229669
0.01368427254767249
0.013599007012291614
0.013509943250495269
0.013417130830235546
0.013320623824228594
0.013220482313760922
0.013116774608677011
0.013009580283325592
0.012898993974969951
0.012785129618339053
0.012668124456705326
0.01254814195151443
0.012425372826516366
0.0123000339883191
0.012172365733433669
0.012042628120786422
0.011911097439604298
0.011778063479920223
0.011643827963379125
0.011508704262840192
0.011373018430103788
0.011237111568398132
0.01110134369865015
0.010966099477870235
0.010831796486434946
0.010698897456350049
0.010567929138553209
0.01043951353424386
0.010314425298901328
0.010193716483321518
0.010079094956264517
0.009974852617630522
0.00987955318368875
0.009789185515238875
0.009701993661466861
0.009616783638277188
0.00953262592563322
0.009448742250568333
0.009364447797442686
0.00927911579956267
0.009192152110733544
0.009102973523577609
0.009010985227042688
0.008915551682660151
0.008815949466155605
0.008711268586643275
0.008600153086979936
0.008479374391305899
0.008350938577092583
0.00821668170714142
0.008077464885749383
0.007933877566371173
0.007786376656999266
0.0076353424505440914
0.007481106497310745
0.007323967414707307
0.00716420063731284
0.007002064793216921
0.006837806060683618
0.006671661250865223
0.006503860057295988
0.006334626749055206
0.0061641814931453365
0.005992741430765039
0.005820521624302516
0.005647735940212477
0.00547459796885924
0.005301322074070649
0.005128124709753932
0.004955226221369621
0.0047828535284190335
0.004611244486206203
0.004440655497598701
0.004271373179542663
0.004103710937233721
0.003938637791367052
0.0037755984356294633
0.003614479334331397
0.0034552799708778953
0.003298035047769421
0.0031428028947908253
0.0029896569859236546
0.002838681252866954
0.002689967431450448
0.0025436134989836744
0.0023997227706966757
0.0022584034924803213
0.0021197689961723657
0.0019839387577481127
0.0018510404752786788
0.0017212075383827518
0.0015945573372433037
0.0014711956545822532
0.0013512379342389403
0.001234807669220934
0.0011220336625980057
0.0010130493082804962
0.0009079925483285761
0.0008070060947341473
0.0007102378275767886
0.00061784136835713
0.0005299768596861016
0.0004468120074078917
0.0003685234711205845
0.00029529873146308036
0.0002273386273768514
0.00016486086098487323
0.00010810494444922223
5.73393791073592e-5
1.2872460608167684e-5
-2.4930643543547794e-5
-5.561899513473742e-5
-7.860176262198364e-5
-9.302843295147166e-5
-9.740362680992764e-5
-8.787523635248199e-5
-6.634852121032293e-5
-3.647803610079573e-5
-1.835425730570453e-8
4.174280657540701e-5
8.77323020281835e-5
0.00013699155692833363
0.00018862058513505995
0.00024173517589862921
0.0002954194698938851
0.0003486465017843373
0.00040006327500140916
0.00044690376438091925
0.0004896989140378291
0.0005303240715424733
0.0005694410490334052
0.0006074170510831156
0.0006444835242724696
0.0006807952224232516
0.0007164588356603047
0.0007515489795960343
0.0007861179616741911
0.0008202021216054714
0.0008538261248188422
0.0008870059490157042
0.0009197509836838468
0.0009520654856082553
0.000983949524821513
0.0010153994790000108
0.0010464080854460692
0.0010769639585779163
0.0011070487974978137
0.0011366016594567317
0.001165551656876917
0.0011940130306916127
0.0012220381922839136
0.001249658981519836
0.0012769031782023936
0.0013037963454237186
0.0013303628304553172
0.0013566264300366472
0.0013826108183604261
0.0014083398268535698
0.0014338376377194945
0.001459128923049909
0.0014842389719035675
0.0015091938005874226
0.0015340202801379836
0.0015587462887554134
0.0015834009071751276
0.001608014679658786
0.0016326199945799745
0.0016572518534864885
0.0016819508407559254
0.0017067673012031263
0.001731738569560169
0.0017569021772413215
0.0017823102668449561
0.0018080281891716937
0.0018341392981532751
0.0018607547181872144
0.0018880307251266106
0.0019162000085598296
0.0019456312082399944
0.0019769812941669435
0.002012005716740869
0.002050310314054722
0.002090058548224842
0.0021305314401857266
0.002171282212292333
0.0022119872907043875
0.002252394623969349
0.0022923003048289487
0.0023315362775119214
0.0023699630191278418
0.002407464571706482
0.0024439446643398067
0.0024793233382495177
0.0025135338066784524
0.002546519526670212
0.0025782315409029993
0.002608626183395673
0.002637663218124794
0.0026653044310993267
0.002691512647049957
0.0027162511070846743
0.002739483128482811
0.0027611719691882446
0.002781280830852606
0.0027997729490689097
0.002816611733456191
0.0028317609311893917
0.00284518479783853
0.002856848257954908
0.0028667170518574814
0.0028747578552841724
0.0028809383650440176
0.0028852273401985063
0.002887594585776934
0.002888010861257998
0.002886447688294399
0.0028828770194011762
0.0028772707076367096
0.0028695996786343987
0.0028598326330827885
0.00284793395772769
0.0028338601825660314
0.0028175534327090452
0.002798927398718054
0.0027778246829759734
0.002753797731400063
0.002726865453397759
0.002697734444782321
0.002666727686387837
0.0026340725323671446
0.0025999519421017144
0.0025645231872556355
0.002527927000190429
0.0024902928377212408
0.002451742262253775
0.0024123913100982278
0.002372352288389184
0.002331735259803025
0.0022906493972930475
0.00224920437460001
0.002207511989765866
0.002165688341667068
0.0021238571686744566
0.002082155654799435
0.0020407446701616663
0.0019998251622542727
0.0019599761344975004
0.0019208969911572937
0.0018823465238928592
0.0018442466035255962
0.0018065476541949206
0.0017692163980081912
0.0017322272253211572
0.0016955563188339007
0.0016591765525562892
0.0016230515098366186
0.001587126298649802
0.0015513092447581051
0.0015154121918565203
0.0014789027065534636
0.001441798673215307
0.001404964259617477
0.0013688330174982555
0.0013337238497492664
0.0012999162241454341
0.0012676785441311897
0.0012372893801195755
0.0012090629936695758
0.0011833955986736042
0.0011609159067615
0.001143069933345311
0.001129444946511323
0.001118590799880889
0.0011098666538645623
0.0011028528850726875
0.0010972308910296245
0.001092742446336498
0.0010891698128131552
0.0010863244422651707
0.0010840399213420363
0.0010821672566204317
0.0010805715542551758
0.0010791295775693338
0.001077727878369649
0.0010762613105885675
0.0010746317974216042
0.001072747257265143
0.001070520615862689
0.001067868822752569
0.0010647118044953806
0.001060971237506633
0.0010565689786071453
0.0010514248618628324
0.0010454532864880692
0.0010385572876195038
0.0010306164756992767
0.0010214554706573665
0.001010656272279569
0.000998046245652475
0.0009842393397043801
0.0009695037942919483
0.0009540268741743777
0.000937961498322013
0.000921443283860837
0.0009045987928648981
0.0008875505188932565
0.0008704205231788881
0.0008533335880356816
0.0008364204016251984
0.0008198212009839996
0.0008036903939323001
0.0007882030404762113
0.0007735650671940903
0.0007600320339757137
0.0007479523642923107
0.0007379351337658823
0.0007312094707518736
0.000726679408819434
0.0007234816928093189
0.0007212076738036302
0.0007195875215268318
0.0007184245488685848
0.000717567495576537
0.0007168959355629299
0.0007163116034281701
0.0007157328331130614
0.0007150908047009321
0.0007143269166317224
0.0007133908937524733
0.0007122393943150473
0.0007108349647871672
0.000709145242404341
0.0007071423372160444
0.0007048023459488602
0.000702104963294702
0.0006990331684282065
0.0006955729624423749
0.0006917131514644215
0.0006874451590060933
0.0006827628623217758
0.0006776624464244361
0.0006721422712044654
