9.998195459819286
9.998180704963206
9.998165986519004
9.998151255056541
9.998136422225128
9.998121632763468
9.998106805433341
9.998091940268667
9.998077042241896
9.998062115831859
9.998047296117011
9.998032312938195
9.998017305563948
9.998087854172983
9.998073424776377
9.998059127501959
9.998044674222076
9.998030360583778
9.998015893359382
9.998001573471779
9.997987104732912
9.997972793493288
9.997958485334532
9.997944038809635
9.997929753072096
9.997915492485143
9.997901084698597
9.99788685556058
9.99787265133169
9.997955492801232
9.997941879655164
9.997928465153324
9.997915093242995
9.997901767619148
9.997888492042113
9.997875270391726
9.99786210665725
9.997848842889569
9.997835807440712
9.997822842595763
9.997809952811012
9.997797142666604
9.997784416868814
9.997771780252023
9.997759237806372
9.997856800957802
9.997845157840713
9.997833689359252
9.997822339601754
9.997811114178193
9.997800018788068
9.997789059249774
9.997778241496434
9.997767571578473
9.997757055666458
9.997746566046068
9.997736369121446
9.997726345101688
9.997716500656162
9.997706842624009
9.99769719379063
9.997812391149777
9.997804222911494
9.99779630206481
9.99778860942328
9.997781159568458
9.997773960883546
9.997767021952855
9.997760351585253
9.997753958793803
9.997747852802352
9.997742043051232
9.997736539203167
9.997731351149422
9.99772648901624
9.997721963171609
9.997717784232371
9.997854629736688
9.9978521202029
9.99784999571791
9.997848267982778
9.997846948995402
9.997846051050264
9.997845586757238
9.997845569052085
9.997846011210077
9.997846926861037
9.997848330006107
9.997850235036598
9.9978526567554
9.997855610401622
9.997859111679336
9.997863176791974
9.997867822484482
9.998032808817749
9.998039714786302
9.99804726040005
9.99805546518995
9.998064350427502
9.998073939198148
9.998084245233859
9.99809531984102
9.998107201235577
9.998119370007618
9.998132479380088
9.99814630268755
9.998161017526474
9.998176207536423
9.99819224154705
9.998208909945006
9.998226775070748
9.998426156253618
9.9984464347223
9.998467508829599
9.998489916289566
9.998512885888765
9.998536473745988
9.998561164528361
9.998587426092714
9.998613854644276
9.998640965592497
9.998669933677611
9.998698890429178
9.99872874567912
9.99875950799189
9.99879251080897
9.998825219143162
9.998844688794936
9.999083184762306
9.999120878606838
9.999157901211678
9.999195886373847
9.999236949988356
9.999277260008451
9.99931834624222
9.999382515260672
9.999429445530412
9.999475215980668
9.999521745860525
9.999572528540796
9.999621800756863
9.999672508258788
9.999723277339736
9.999778380686848
9.999833142270177
9.999886895130704
9.999818827893046
9.999761264819151
9.999703009823556
9.999634931792313
9.999574690240426
9.99951232304402
9.999450206956324
9.999375889120328
9.999310842125755
9.99924356878942
9.999163865295074
9.999087340795699
9.999001506723786
9.998907126541637
9.998821566802116
9.9987360403756
9.998651859432071
9.99855810319654
9.99848119986885
9.998397547787663
9.998223870050074
9.998146452941171
9.998066133364215
9.997977982439787
9.997903603411505
9.997833577181506
9.997758814847396
9.997746135024057
9.997658452868665
9.997570790817246
9.99746466184807
9.99737647401176
9.997288535727698
9.997179975133703
9.997091917617164
9.996872506397349
9.996757368840594
9.996665448825778
9.99657420279216
9.996457205018288
9.9963665599458
9.996276908535094
9.996188378515647
9.996070135609399
9.99598300358399
9.995897360552608
9.995778730129132
9.995505127935779
9.995417232621563
9.995292599400328
9.995207150725543
9.995123864471832
9.995042907825875
9.994919827417107
9.99484237601723
9.994767729360454
9.994646531450472
9.994576231890624
9.994248558813199
9.994177023044326
9.994052142417965
9.993985784727249
9.993923268608793
9.993864796562846
9.993745592965755
9.993693581648914
9.993646175480594
9.993270758183556
9.993149341322411
9.993104442090406
9.99306469777493
9.993030319791156
9.99291761116282
9.992891880167555
9.992872082464135
9.99244843604308
9.992429388332503
9.992318883278394
9.99230957412231
9.99230688158175
9.99231099967756
9.992322118874567
9.992340425530314
9.991863703400863
9.991763089208515
9.991786299843394
9.991817005273907
9.991855357647921
9.991901501650116
9.991955573926827
9.991421283821797
9.991475540672033
9.99153773838372
9.991607970600478
9.991686320096129
9.991772858168241
9.99118012210539
9.99126513118193
9.991534094284338
9.99163962462173
9.99175320848876
9.991874834389806
9.992004476432227
9.991532957368785
9.991662954609149
9.991800485101821
9.99216621730376
9.992324197312675
9.991581749884807
9.991973396513599
9.99213603960279
9.992564339764751
9.992746809418358
9.993213877307966
9.992376723417086
9.992560003953317
9.993056477380938
9.993258958800503
9.993798989479982
9.992860839620139
9.993060199637352
9.993633735047151
9.993852149195755
9.99447604322755
9.993421141715732
9.993633205147061
9.99429762497663
9.994529705707022
9.994765344551077
9.994068081075445
9.994292297411125
9.994519643750277
9.995315301608303
9.994001096547494
9.994219744056629
9.995076918557574
9.995321335919161
9.995569685731615
9.994083939584698
9.995038912156836
9.995283885771334
9.99553399599148
9.99473194283885
9.994978033520013
9.995230921247803
9.995491266741846
9.99467422437167
9.994937419100868
9.995210764525636
9.994402504683023
9.99468627079512
9.994983814655727
9.996506607913586
9.994519691577361
9.994855914020954
9.995212335216717
9.996987203281305
9.992096783928105
9.99311645935109
9.99210353386997
9.989012337355032
9.990567861405468
9.990241051513065
9.98797861808136
9.98586897419578
9.984370646738318
9.980606295834063
9.979492521696194
9.979673553056406
9.97600889689949
9.975483368707836
9.975924423936174
9.97256957074348
9.972990066674775
9.973042115295879
9.969866598879994
9.969758030859118
9.967060529826353
9.966813714601194
9.967749010667548
9.963550591478178
9.964635894034469
9.960293731524802
9.961478781730914
9.96126592106209
9.958268295481417
9.958053208401553
9.954987689635146
9.956483251074008
9.951615308213363
9.953205469409111
9.95002225034813
9.949805730080444
9.946524186674749
9.946257177190295
9.94286455888684
9.944769245808008
9.941320097438956
9.940997972154808
9.937418229661704
9.939550253697412
9.933282302046756
9.935490064156632
9.931701088312966
9.92781841002074
9.927223621255532
9.923183251863998
9.925673338955201
9.921577878323392
9.913961203555404
9.916595804909194
9.912269729333135
9.907870691125467
9.903411096106336
9.902433334453129
9.897935335754575
9.893469397941761
9.889119827723126
9.885130382373001
9.883478664372289
9.878694632907207
9.877025238668214
9.871405858543893
9.865421829377643
9.849819888179322
9.84294571360931
9.835718280768535
9.828132413948005
9.820193167620507
9.802473266086777
9.796903440781461
9.79631879718048
9.795639176904396
9.794911286576452
9.794132342268174
9.793301136731717
9.792416549962027
9.791477539833705
9.790483229962932
9.789433000134844
9.788326584683375
9.787164177487679
9.785946550065743
9.784675184987538
9.783352428976004
9.781981670733726
9.78056754979218
9.77911620445375
9.777635569416942
9.776135737324362
9.774629403895192
9.77313242462644
9.771664524354106
9.770250224398964
9.768920047332733
9.76769610708735
9.677506250103068
9.622757743333556
9.588420336546351
9.553748839217812
9.52655791235472
9.498388321668058
9.47660736359323
9.461835248492044
9.454678745056416
9.447201912756993
9.439417778015587
9.431337375446278
9.422970830962193
9.414328000248545
9.405418875930163
9.396253860334156
9.38684395437532
9.377200888238418
9.367337210847069
9.35726634746847
9.347002631852012
9.336561317171519
9.32595856878425
9.315211441034576
9.304337839835027
9.293356472448448
9.282286785710841
9.271148893837777
9.259963496924053
9.248751791259966
9.237535372677682
9.226336133912568
9.215176157954332
9.204077607921203
9.19306261560658
9.182153169970283
9.171371007186748
9.160737503806107
9.150273574529287
9.13999957599669
9.129935217842283
9.120099482074206
9.110510551616889
9.101185748598182
9.092141482699995
9.083393209625939
9.074955399378732
9.066841514575803
9.059063996545854
9.051634260628916
9.044562698157316
9.037858684844219
9.031530594517829
9.025585817271178
9.020030781150389
9.014870976581278
9.010110982827662
9.005754495877083
9.001804357254668
8.998262583367836
8.99513039507952
8.992408247292786
8.990095858364137
8.9881922394948
8.986695723488179
8.985603993643661
8.984914112243395
8.984622548906833
8.984725208831314
8.985217460977674
8.986094166257832
8.98734970577525
8.988978009160508
8.990972583033725
8.993326539613895
8.996032625483338
8.999083250503471
9.002470516866635
9.006186248378082
9.010222019211774
9.014569183896985
9.01921890608032
9.02416218780626
9.029389898529853
9.03489280391123
9.04066159431704
9.046686912949509
9.052959383519916
9.05946963737856
9.066208340008165
9.073166216780828
9.08033407786986
9.087702842195862
9.095263560270242
9.103007435762828
9.110925845695604
9.119010358804262
9.127252752101615
9.135645025052161
9.144179411013951
9.152848385367774
9.161644669610997
9.170561230484518
9.1795912729273
9.188728225294087
9.19796571480174
9.207297530554094
9.21671757069004
9.226219769147711
9.235797996168309
9.245445924946331
9.255156854146415
9.264923474362517
9.274737560895897
9.284589573071056
9.294468134114988
9.304359361102843
9.314246010512088
9.324106404441725
9.333913109762351
9.34363136450543
9.353217293286578
9.36261603964879
9.371760078697859
9.380568154426301
9.388945473568194
9.396785111677165
9.394624168809498
9.348865340316344
9.350391238962402
9.310533883908185
9.273309591586514
9.277653904528302
9.244120258820912
9.249332655445052
9.254181392249802
9.225089416626775
9.230614289089655
9.235775343137494
9.21097059763174
9.216882397719129
9.22252090445057
9.227929013732046
9.233151567925406
9.214969994641095
9.221239954057362
9.227437325553895
9.233606900375795
9.239801291737175
9.263239317077828
9.26881064702573
9.275362264555252
9.281600455390288
9.299566891639223
9.304342192613548
9.31905871970335
9.331644748575084
9.335600672801739
9.345854241939856
9.368641394812576
9.374416483570014
9.379625608225952
9.384075499255218
9.390233284355775
9.397737641969249
9.406388237691397
9.416042605405877
9.426589939301195
9.448693894932983
9.460785475591507
9.473532738766991
9.486820956430137
9.499158442124674
9.62112625098814
9.715435833469632
9.767073155789404
9.796757580303384
9.895097926186352
9.923235253079207
9.98900996557724
9.982836755744467
9.954100662536993
9.89041544066226
9.861545929835678
9.832134901184826
9.764865469614273
9.729503516443614
9.699434983939508
9.632390186030914
9.593842248682217
9.56214153774782
9.473472669175637
9.420032568187471
9.299309857141967
9.287753826142664
9.264310486615246
9.221885442509475
9.209794669007772
9.16429514150851
9.151938547324955
9.139343384921343
9.09448265228302
9.086830766463379
9.031169448084885
9.018570974925304
8.975470189905284
8.962891898333904
8.926980504562271
8.914702503559507
8.873783379315562
8.86874890201832
8.829187999811827
8.805684314770545
8.775272327481417
8.764318856558592
8.727582549576478
8.726490917591489
8.692177922723433
8.692819266351187
8.660938921895697
8.628501264337885
8.622585358076785
8.605708861499968
8.591222480629296
8.58853572811972
8.577761820755082
8.557139375802546
8.616979544665668
8.664167997953339
8.706597117115983
8.736315271169136
8.78070335113074
8.836231999110954
8.859263523614878
8.898451308329571
8.907247804002807
8.934117310501628
8.95237189460012
8.965688746526197
9.005489319107298
9.0069616699894
9.00579492186054
9.02582422797737
9.014770964084173
8.946395421902638
8.926401475004608
8.947383721692814
8.951733045065291
8.971790355246911
8.976332889778758
8.995465930888196
9.000141808589946
8.992632434207366
9.010518727295562
9.01558919770658
9.020959855059909
9.02661621273957
9.032542856490949
9.038723533296556
9.04514124608121
9.03920722867651
9.046055075123059
9.053085826188122
9.060280586953867
9.061650301165061
9.069686581059317
9.077819823434153
9.081919976919714
9.078145656296911
9.086992558070543
9.093517922784438
9.102851589431104
9.110989026361242
9.12062933035704
9.130062755071965
9.139262107187982
9.135472734389232
9.143922603981503
9.152050149116523
9.15987681728333
9.167419595637785
9.174692840774505
9.181709159298245
9.175924387561068
9.182477223921472
9.188804509883239
9.194914927210002
9.200816388848336
9.206515993335788
9.212019917058704
9.217333234171543
9.20996958696698
9.214931103474628
9.219707544034893
9.224295439539992
9.272849104394922
9.311686824993554
9.359218887976219
9.398560007674936
9.416503528378225
9.45567349856519
9.478601468958468
9.51086541098924
9.531341379349573
9.555266067047834
9.579584016087077
9.578280487668291
9.593910712774125
9.604336377011887
9.620257008058106
9.63000641644192
9.646212423572885
9.647073719335163
9.647724322066711
9.659944730691926
9.660140068626546
9.652892407528189
9.65291042243386
9.670117967763694
9.669921974356502
9.669528307832547
9.651174039761338
9.650707820992716
9.650054596720604
9.644475639875466
9.663025134831871
9.658377663878149
9.657851119503558
9.642143573466948
9.63893024204296
9.638589177971383
9.63619384586599
9.634452001190963
9.634250403709029
9.611981021766415
9.61137230981233
9.599120552346191
9.598287410146007
9.597299047584015
9.596188084817356
9.594978838432521
9.593691522081613
9.569540960886966
9.556538791535356
9.554924689025105
9.553298182733101
9.551673211320763
9.526493820746342
9.524689383145327
9.522928035271175
9.510083267245404
9.48440858951516
9.482674295238422
9.481033450021565
9.479496987212505
9.453543394030602
9.44113241868282
9.439815164785267
9.413899511234561
9.412701454406324
9.411674318478067
9.38590122423036
9.38506302293072
9.348713642765677
9.34579483333282
9.34436287445629
9.318435869956135
9.30477030005204
9.303919859379063
9.278112483422428
9.26701950124083
9.228523590039302
9.227929925261808
9.20263533378477
9.202192478576944
9.188709212703124
9.153698273684917
9.1536286623173
9.129102066678211
9.129243301384731
9.12954329388499
9.092093201756143
9.092642278254534
9.083623873180779
9.060218388713018
9.06124033845259
9.06243155749047
9.039661683490657
9.041131333366755
9.046635712269962
9.024575142538048
9.026524182976027
9.028638171148998
9.043787529022314
9.046199437583384
9.039647969320894
9.03114214075331
9.034000944352725
9.04904954327875
9.052172673282811
9.067065306501927
9.072883882139255
9.087257124511662
9.101342054327791
9.115136316480587
9.128638993309027
9.165730242161672
9.170195098579097
9.182878398503071
9.20302031385807
9.21476023475445
9.232841980815202
9.246882378367792
9.29018864859706
9.311687811471389
9.32513940061062
9.330741523011541
9.336817579199185
9.335539565678637
9.367074279797995
9.375005511393075
9.38377757923756
9.38783395862842
9.385009629256766
9.393833515305108
9.399861363751718
9.406516423056955
9.413790523909359
9.39394450365355
9.427309069570105
9.436442217947228
9.426193411577309
9.405405912242468
9.415342356578712
9.390351265198623
9.363555564350563
9.327346680398275
9.289162920534311
9.253526672247824
9.190010177527274
9.0956996117017
8.926857675273258
8.931925140516721
8.968033903117313
8.979863376906394
8.991957473017418
8.99831260913267
9.01095498960098
9.047917407643455
9.060902480259344
9.06839002979468
9.081840909539347
9.095487530793617
9.109318161548435
9.141327285748694
9.155378399139316
9.16957291987472
9.183897146463634
9.193146255362926
9.22791678064822
9.237212658512773
9.245877172122366
9.2594661190511
9.272962314278418
9.286361490076752
9.29502005030691
9.308249733659144
9.321370648257343
9.329975783716252
9.342901742362411
9.355706568543628
9.364217864098382
9.37680148811905
9.389251637979006
9.39762787962956
9.409831320938633
9.418150987374943
9.43009180399464
9.438338557374898
9.450003082164168
9.46151129995408
9.469541219445393
9.480760705724975
9.56028055314447
9.635476965070968
9.675547729783938
9.710593402650185
9.743660088187571
9.759400946341437
9.774242948544188
9.78823107839182
9.797023466755938
9.799205581360773
9.814030579836754
9.81980122421103
9.825099734130456
9.834303482473036
9.838953211215921
9.840086594598521
9.836603905575574
9.83809753948209
9.83635666168689
9.831522102498708
9.819248510426842
9.81234054257752
9.809704170382098
9.804479266269835
9.797704096196858
9.799992682433533
9.792900084729649
9.7949025610232
9.787528460764229
9.779823956211395
9.781156426993933
9.773038747476043
9.773983981774965
9.765540721623696
9.756976389429262
9.757492959678181
9.74874014281446
9.749052983331373
9.740195541297304
9.74036915619351
9.740475304815456
9.73157793658475
9.731626518376334
9.722802449872077
9.722840956976546
9.714152025576297
9.714220948380364
9.71428944937115
9.705855834157777
9.706004582647338
9.697882724947295
9.699339861564642
9.699718055787152
9.694892467813506
9.695281453364133
9.695690919333023
9.691155326461681
9.691661548639868
9.694959726947513
9.688003849533688
9.688641335993678
9.696459107198935
9.698540870152627
9.707371701722556
9.711680559425307
9.715439603951099
9.722920900391912
9.723333202625714
9.729756522929693
9.738092943998087
9.737180270103591
9.741844300897235
9.74587828085712
9.746020914729593
9.746913920937937
9.743991598197944
9.744358822217057
9.741869413534104
9.741887067795645
9.741697096578243
9.736737053414203
9.736236487679975
9.733636229688397
9.728508089707423
9.72775736148873
9.723263477444938
9.722275542026342
9.718202575187302
9.71676023875009
9.716056704916635
9.71283721864409
9.709971961509986
9.707432616253532
9.705203203561751
9.703269687197855
9.703756470245038
9.702354512321339
9.701195315396612
9.700228656166122
9.699233270645372
9.698047129546433
9.696698752236069
9.695210931223809
9.69565739338147
9.692258112257159
9.690328461964821
9.688332915549035
9.68628508202534
9.684196568518749
9.682077346119332
9.67993614168525
9.675130627530075
9.674790240902198
9.672475618431468
9.670166347799697
9.667868770871035
9.66221065596422
9.659811545097725
9.657441674846183
9.65510712196416
9.648834614400087
9.646443051020517
9.644104148920832
9.637383097210124
9.636862239811263
9.634559269187198
9.627428761659914
9.625142834346693
9.61769015535858
9.615419568225638
9.607713865407224
9.605498554506495
9.597314532653257
9.595143024452637
9.586938843109765
9.578553383857567
9.576460783671845
9.569173930813978
9.560410465693618
9.55126424896714
9.538946022644362
9.52776240001395
9.498198005664724
9.48320532375638
9.436399669680155
9.372600925961375
9.368476556061724
9.365960191164294
9.365191177570054
9.361354480246513
9.358377924863301
9.356376725486435
9.352809205053388
9.351050362116306
9.347675322722761
9.344396963665856
9.344465438558638
9.341359534408038
9.34014195285121
9.337213942348502
9.334375002368596
9.333457970439929
9.332205813124984
9.32960743737165
9.328963576880566
9.326526454251468
9.324171954392744
9.32380535613057
9.322937091665498
9.320814091240809
9.32071472985066
9.318759112595083
9.316888615975786
9.316319446197497
9.317704794546
9.315758895648496
9.314284048682115
9.314148680102468
9.31302395784753
9.31364758720871
9.31298961157453
9.313635895266861
9.315386438230693
9.315724979023306
9.31588476129847
9.319475069948345
9.320691211122117
9.321305132691824
9.323509373665182
9.334420662628078
9.33606053031134
9.346543310200062
9.359347334378057
9.35991689320592
9.373081816259784
9.372634544618311
9.385971824864681
9.397720820815099
9.396344728632236
9.40982595834415
9.420147065268585
9.436556839942652
9.445802582594471
9.45771890449781
9.471554105921467
9.483044624351745
9.504030574525494
9.532347350193485
9.56121793927679
9.596955533549007
9.638844434035324
9.68838786746009
9.736552607719023
9.791466882645343
9.83653738803048
9.888362187235776
9.931676479363778
9.952643210310452
9.987945026613342
9.985137825059823
9.969429888875483
9.954761408209263
9.930677099118217
9.926515416367929
9.91449638812335
9.907892557770946
9.897537650571088
9.884595298397423
9.875842682581412
9.871071347090506
9.8592788789418
9.859116136742792
9.855313623776176
9.844423422227774
9.828074301862964
9.825396961577344
9.815579972540796
9.813468775790227
9.804202543778967
9.802631418835727
9.7938930075275
9.792831491695324
9.788510027688998
9.787701073926318
9.787104450254201
9.779288159802187
9.778231523446184
9.777843502132455
9.777996053779223
9.77835971393662
9.78119780355705
9.781718171003314
9.782405450262292
9.783247205349108
9.785792032124498
9.775735213519287
9.782608660543117
9.786092072303397
9.788597767787389
9.791372663514643
9.79498537430095
9.798073282443744
9.801394991130373
9.805051330555294
9.808609075090592
9.812176792533302
9.815678050110922
9.81912479790988
9.8225215842497
9.825870607813812
9.829172783439152
9.83242823623216
9.835636584638582
9.83879712573482
9.84190896708175
9.844971125511183
9.847982603273667
9.850942447373212
9.853849795628767
9.85670391181715
9.859504211620273
9.862250280752523
9.864941886441844
9.867578983335543
9.870161714589168
9.872690409432481
9.875165577361175
9.877587900059734
9.879958221429298
9.882277536207408
9.884546977540406
9.886767803777348
9.888941384667685
9.891069187064
9.893152760155164
9.89519372018384
9.897193734533479
9.899154505002462
9.901077750014602
9.902965185452306
9.904818503661113
9.906639350271902
9.90842929808598
9.910189817465165
9.91192224235764
9.913627731003837
9.915307220182019
9.916961371642149
9.918590509116099
9.920194543958878
9.921772887026243
9.923324343747602
9.924846988355105
9.926338011577394
9.927793533194297
9.929208365436516
9.930575702298917
9.931886687530856
9.933129760144112
9.951190177501077
9.966499315079073
9.975251586955128
9.981616699803013
9.98773614014884
9.987886745383637
9.988907505352003
9.989939712730575
9.99096330460342
9.9919675222084
9.99298544758432
9.990465823438567
9.988184914981579
9.986135371081772
9.986988605593458
9.985268488994755
9.98622925172063
9.98480411934271
9.98584475462086
9.986865241587509
9.985782637553514
9.986851366423307
9.98788722942676
9.988887008424255
9.989847903233827
9.990767492385938
9.991643695335915
9.992474736106665
9.993259108229724
9.993995540604706
9.994682963220027
9.995320470713839
9.996794339369725
9.997237386561936
9.997630663327461
9.998553742992547
9.998759202421123
9.998918182071133
9.999315878058027
9.999468734039567
9.999348104156912
9.999206283459912
9.999050088435048
9.998881911939282
9.998688648983451
9.998461583027161
9.998194088765848
9.997880784496909
9.997517120043128
9.997099142208112
9.996623346452086
9.996086575429914
9.995485945081025
9.994818787882643
9.994082607271462
9.99327503142349
9.992387867205816
9.99088340556887
9.983846589327946
9.977085962114817
9.97056667574438
9.966910275956726
9.963340596981707
9.957404676250247
9.954097487311419
9.95089000437828
9.947785261803402
9.944785916187493
9.941894221546168
9.939112005140926
9.936440644402174
9.93388104643022
9.931433633522467
9.929098325422803
9.926874293228034
9.926324148331215
9.924276580630291
9.922333633234993
9.921867694024382
9.91979574376934
9.919306207450656
9.917585605867604
9.917129887611123
9.915539221364384
9.915116264961085
9.914685103490028
9.913253025782172
9.91285197324673
9.912441780933927
9.91202211307671
9.911592623070147
9.911152952971753
9.910702729809712
9.90918895657289
9.908664084053829
9.908127574250983
9.90757862612038
9.907016474501406
9.906471684779822
9.906302762636502
9.905672537194944
9.903563544695066
9.903114546175217
9.902627132425136
9.901851356094129
9.901110647493658
9.900325230832452
9.897799497391205
9.89715440555846
9.896364528451828
9.895577934363892
9.894791381147733
9.892017536771089
9.891392840082972
9.890560126420676
9.889735101867414
9.888896318213993
9.886112858290032
9.885203147445779
9.884270400122166
9.883779391565671
9.880829507642297
9.879849723390727
9.879529827268291
9.876103857760421
9.8750510363585
9.875232026741187
9.874168750571934
9.871562734153978
9.870445051429243
9.870899815903446
9.86710112186987
9.867253287062793
9.867502590769938
9.865551238569676
9.864333058336442
9.861986006347346
9.862464005952008
9.863023928768431
9.86131032846506
9.862003698104347
9.86204513028947
9.862931712322037
9.861512009841874
9.864874389788083
9.865585001535882
9.866788150131423
9.868313832633342
9.87515374189012
9.876604601960995
9.881103427849993
9.888499622037795
9.898075220023934
9.911109136143917
9.925996589325157
9.938207061813305
9.947761902310319
9.95573916418233
9.961280837834279
9.962893606590857
9.965174048833584
9.966933778205698
9.964600418208182
9.96230213454405
9.958208414677411
9.956042700456408
9.953941974570066
9.95190660851714
9.945742562208439
9.941606236128562
9.935578725141989
9.93376872250243
9.92786964164191
9.922044137976325
9.916297050433494
9.912377039454698
9.909512629815922
9.903299621341423
9.899155068122425
9.893443830214947
9.891027278996134
9.885467786720291
9.881517371055011
9.876178766561011
9.872370039700817
9.870005891531727
9.86627083722263
9.86130052881268
9.858983743427439
9.855430121758706
9.853130163141824
9.849672622692404
9.847396457676643
9.844044678754429
9.840779871953757
9.837538273372633
9.835365061948025
9.832288895598634
9.830168343482855
9.827231506972442
9.825043198239268
9.822877508246142
9.82072530106129
9.81783795608141
9.815735498658274
9.813646340329544
9.811572305535893
9.808918259816707
9.80689883792531
9.804400877414235
9.913247435328056
9.967597872936693
9.979004328018435
9.975967851970948
9.97648670557114
9.972591252261587
9.974203455363831
9.974450040513691
9.978673415934434
9.978413713963223
9.978673666172972
9.977714207106805
9.980836908648532
9.979205468617751
9.976787016334688
9.977684156277057
9.974962552161523
9.97613345264419
9.973722056556444
9.975080691543601
9.972923193407379
9.974423783879693
9.975976075532083
9.974093123160369
9.975740117579324
9.974034814575507
9.97575277775451
9.977491168242329
9.975973590109003
9.977753632377864
9.97636784840788
9.978173463354526
9.97997820158902
9.978722251863356
9.980531568807852
9.982329931600173
9.981176672068043
9.982961877987421
9.984727508290277
9.983653796730614
9.985391057424529
9.984386980559297
9.986087074410715
9.987755722646659
9.98679914478543
9.988418546050505
9.990000488918882
9.989075184409172
9.990597239873457
9.99207650294849
9.991168006069657
9.992577937358632
9.991700588204326
9.993035633173141
9.994320262155396
9.993438580023822
9.994640531233301
9.995788136287654
9.994891260583302
9.995949345822806
9.9950633758999
9.996028093953147
9.996933089044225
9.996016677882128
9.996823268041684
9.995908438840798
9.996614131539044
9.995697897988865
9.996300848654936
9.99683958797179
9.995879966450218
9.99631433883652
9.995349532806875
9.995679565295562
9.994709200345463
9.994935745730654
9.99396030658828
9.994085070717771
9.993105927626608
9.993131483920257
9.993095474088145
9.992080694940032
9.991950820398504
9.990940164450503
9.990721169116581
9.989719062016253
9.988756586111595
9.988428196272775
9.987482004128728
9.987079914295606
9.986156374486647
9.98568795963415
9.984794039206143
9.984267260130846
9.98341033128614
9.982605996601377
9.982021000574505
9.981264405994493
9.980640751287131
9.979936201281866
9.979276819702804
9.978592279469359
9.977886029663727
9.977166243323166
9.976440348771925
9.975715722821462
9.975000039731135
9.974301522010721
9.973629191359022
9.972993179971434
9.972405176525282
9.971879147849656
9.971432683735662
9.971090103448448
9.968715271021793
9.967108839711447
9.9660722107607
9.96385162694439
9.962505851558204
9.961062399912842
9.96092254982647
9.959397746848847
9.957784839633884
9.957722158551107
9.956046560981195
9.954295496846763
9.95433650391466
9.952545283638845
9.952681660779968
9.950866027789758
9.95110991829409
9.949286714620273
9.949650067982732
9.950094878413736
9.94833156086368
9.94891279235233
9.947184150832683
9.947912906644143
9.946237493888937
9.947124441991132
9.948109459721053
9.946575969359776
9.94773299631813
9.946295009847834
9.947632936083243
9.946307661431815
9.947834490491527
9.946638258724954
9.945495982855109
9.947309069541387
9.946321471525504
9.945521409792807
9.943749277091138
9.938962005037272
9.934218873727007
9.926625275846902
9.921973909638673
9.911452371169013
9.900972423595679
9.896497294873432
9.898037847552452
9.901391982142892
9.906370778719543
9.911425972631866
9.916534081050262
9.921683034170865
9.926860851527039
9.932055742028309
9.952492079488701
9.975426269099081
9.998404716886936
9.965415652960202
9.942214915440571
9.932738838994723
9.926149668379917
9.917476801234056
9.909335592843533
9.901778701533905
9.894859230745656
9.888629904448468
9.881749409433505
9.877278241470584
9.874582978472267
9.871596567505913
9.870023016591059
9.869344848683962
9.868588169734704
9.868449620850106
9.86852867261429
9.868778831199819
9.869074816875541
9.869429066784964
9.869852253752843
9.870351990329869
9.870936023064896
9.871616312897382
9.872412052426217
9.873299992569404
9.87387088354296
9.874922435037478
9.876072457003612
9.877325211508786
9.878683507349528
9.88014966600401
9.881372041848476
9.883063041083323
9.884868138560389
9.886789392471123
9.888828904256403
9.890988846096283
9.893271488965613
9.895361905484464
9.897900049034781
9.900568595222808
9.916596712382905
9.940331255015806
9.95297001450223
9.95971253127731
9.964200719899127
9.971199906573382
9.97570630896237
9.98022903025283
9.984758281163675
9.989284573893821
9.993548223980932
9.998044531650446
9.999630976131998
9.995154957979071
9.992746892886615
9.98832290834899
9.986082671974154
9.983566118698766
9.981003413816818
9.978401662678253
9.975767892268305
9.973109009430724
9.971840105885905
9.969263719632943
9.966491148589125
9.964859151882637
9.962020217176523
9.96014094842004
9.957261095512296
9.955158716891821
9.952420998382188
9.950115885630169
9.947658913887205
9.944739234393973
9.94211336059539
9.939233907937407
9.93646226112148
9.933795048397648
9.931073027106116
9.928409540170312
9.925794040347443
9.923218106013266
9.920674344998092
9.918155966770927
9.915759925701819
9.913271034091403
9.910789057753243
9.908308181773378
9.905822692939488
9.90332695672302
9.900815403223751
9.8863663989415
9.868384224832177
9.858466489658714
9.848713953122154
9.839103595861843
9.831547237671588
9.825814398393732
9.822028334041248
9.82013479700795
9.816474935011584
9.814609460152916
9.811058077847898
9.809151436689827
9.807222886980275
9.8052779849447
9.801993293703816
9.800109899405202
9.798227918855893
9.797446132172329
9.795503184862753
9.793597857719226
9.791693473220212
9.790549032584725
9.788626251999627
9.787268906576509
9.78535338422821
9.783807013147669
9.781933642436693
9.780237826071435
9.778468432969069
9.776827912970795
9.7753099357743
9.77390168008926
9.772594922074177
9.771383223062944
9.770261140194593
9.76922389000213
9.7682671800565
9.767387115021073
9.766580135169603
9.765842961912604
9.765172646727432
9.76456783324894
9.764028413341453
9.763550446429623
9.763131064195308
9.762768449393725
9.762366183595631
9.762095525521778
9.761877593673946
9.761711387216577
9.761596042994025
9.76153082565436
9.761515113293346
9.761548380605946
9.76163018042839
9.761760124123494
9.761937861097206
9.762163057665108
9.762435375454467
9.76275444950717
9.762792799040115
9.763188695828644
9.763629933610071
9.764115826782554
9.764645552942206
9.765218131933434
9.76583240539612
9.766487016657223
9.76718039118214
9.767910717569281
9.768675929143921
9.768980429319228
9.769794114216456
9.772822708379579
9.788845025658745
9.801325517707228
9.806468144942409
9.811524905070016
9.816495851591798
9.816555036626566
9.820729476382509
9.821180716235364
9.825810701222705
9.829195819532254
9.830642752028343
9.833970466753224
9.82937692078601
9.832974332679617
9.833057317185181
9.831554536840901
9.832447271399023
9.83238512114397
9.830866781386993
9.830729009357261
9.825965378274788
9.828976799014308
9.824253630189293
9.819598145765152
9.819276109225553
9.814685017919626
9.813445563038849
9.812696879134174
9.808218975974771
9.80383575155204
9.799551513079292
9.795371083749835
9.790427106659873
9.786957084035334
9.782893482376902
9.77877894089491
9.808320434992245
9.843789458726809
9.868333985104579
9.890909746685939
9.909846733286123
9.930243238249352
9.945592087333988
9.95425651435931
9.97081666369174
9.981390280231725
9.985763407968197
9.995913985266295
9.999185704263404
9.987443025058669
9.982061061183202
9.976456718752399
9.971734255238692
9.965721045702066
9.959291658058833
9.95783085211189
9.958431613895156
9.957770647087571
9.956965930994276
9.956026046862297
9.956108816976291
9.954971796222507
9.953934141700472
9.952976959737228
9.953247122436506
9.952399277507025
9.95158662247015
9.950801269447886
9.951144947828318
9.950398374146722
9.949660319959058
9.950050174771789
9.94932077240181
9.948588523907368
9.94777644324408
9.94824639346474
9.947495146547027
9.946660842015309
9.947111191264582
9.946327266126822
9.945460123556732
9.945881506495326
9.945059589094411
9.944156636164227
9.944546712733812
9.943687873100332
9.942751962198997
9.943113749625214
9.942223890754784
9.941324977099502
9.941665376369816
9.940753842283694
9.939837125892453
9.940166091177678
9.939244882940999
9.939572185458157
9.938652376659714
9.937735028774936
9.938071041076103
9.937164390805378
9.937512451426812
9.936622545477164
9.935742898779555
9.936120535907637
9.935266300228445
9.934426641560027
9.934845622404552
9.934039945782885
9.93449207406793
9.933727072074651
9.93421918653582
9.933503143050327
9.932815418529819
9.933395922361877
9.934711869343921
9.93551632953103
9.935142077386848
9.938889463938086
9.939869454866892
9.939700746508771
9.944884978099115
9.944861280399916
9.946109740584209
9.950312718572992
9.950508921613677
9.95197098623991
9.95639438110242
9.957995909169403
9.958488477598909
9.963119034113229
9.964929968218707
9.96564106978347
9.971623212196585
9.97247200632183
9.973392488336366
9.97553607434267
9.980576341266172
9.98283441859384
9.984016679100513
9.989184836645034
9.991609810650306
9.99296569678079
9.999346728977025
9.999200071040796
9.99769169777259
9.99126452592922
9.989675310433395
9.986945170790497
9.985263066326565
9.979902317192863
9.977082241944226
9.975304367548585
9.968905987004597
9.967088985078098
9.965242378479747
9.958926522731666
9.957059922358372
9.951889832915025
9.948978782839696
9.947090429618402
9.94205629419851
9.939157634726467
9.934266325781715
9.93140752581777
9.926678710593482
9.92486567662648
9.919325328364078
9.914928163377915
9.913213843331798
9.908050005472655
9.904031537088928
9.902442809230607
9.897699575217274
9.894101502702824
9.889748201272791
9.886535660662132
9.883522702555256
9.879784894737645
9.877183906260893
9.874793243328403
9.871703823483902
9.869748044780753
9.868082879651412
9.865223860472685
9.863903142399197
9.861901450449844
9.860983405826849
9.860263221085447
9.858863669885533
9.857813036394493
9.857271253124566
9.855866196609353
9.855297801180598
9.853892714717208
9.852761534063228
9.852184516375164
9.850795860374788
9.850225981358678
9.848294382470309
9.847739499110649
9.846412728143093
9.8452952369295
9.844011190208384
9.843510273847901
9.84167768596535
9.840482950850333
9.839433156543807
9.838312382663933
9.836604895620114
9.833601330887339
9.833307433468168
9.833060706998296
9.83286789237534
9.85936553398497
9.866988530815986
9.869324774394512
9.867116322260898
9.870358260991136
9.868400592107323
9.869407789959002
9.866402521241682
9.862863380594604
9.854667549694998
9.847143920786772
9.844483492114616
9.847191184509283
9.850974028584936
9.850158592608425
9.853826759393987
9.852986394562743
9.85656252639598
9.855774916157433
9.858567877654643
9.858494421545778
9.86137684589785
9.86067709858107
9.860025027049007
9.863020682496034
9.862964470352797
9.862426079442416
9.861942081497677
9.865125584394324
9.86480428930852
9.864490079725867
9.864233447762828
9.86409093869713
9.867582944104672
9.867501600772941
9.867539939712676
9.867567944875628
9.867635988582183
9.867825818893468
9.867999317969238
9.868223335101433
9.868571561369082
9.868893370478503
9.869262007830983
9.869757686330345
9.86655893705035
9.867058456412058
9.86768786165091
9.864628797906693
9.865247711902848
9.862380306314058
9.863071890615393
9.86030563939004
9.857498263308319
9.854751815417007
9.84870504694614
9.84611683485485
9.840345887663224
9.834639704774734
9.829121280069424
9.823920394708216
9.815820069187085
9.812640593535294
9.813653694193013
9.814168231193804
9.831339975937162
9.844845234649414
9.85434145214524
9.863647094918722
9.868954861535919
9.874070237467723
9.879310501684511
9.884346458380787
9.889340008887034
9.890394733318566
9.895312740646746
9.896312941268814
9.901156150612419
9.902106820536037
9.906877492069667
9.907785187113047
9.908471823129018
9.909348690183974
9.914226829192858
9.914864120994269
9.915965657673375
9.916437525982982
9.922143612302985
9.922465056856288
9.923969852560006
9.924159171684176
9.925439030797813
9.929680140633934
9.930459705892801
9.931366097529438
9.931843043010353
9.932456149958242
9.932628621276073
9.936772018444307
9.936936547233445
9.936640576071952
9.936514859223216
9.934769233229638
9.933190846434107
9.936129352060746
9.934459408735352
9.932384143375758
9.930586162651775
9.92835447947173
9.927681108470258
9.929392342225128
9.928461145132292
9.927867061369406
9.92687699339913
9.92625680699373
9.928696222297047
9.927644306431215
9.927625279326682
9.926861401116463
9.92615552296195
9.928817612502877
9.928610661334687
9.92805889749888
9.927569797673799
9.929626455057868
9.92958481134276
9.928426089266889
9.928030194565356
9.92686009062519
9.929525528009522
9.928741146836142
9.928450138701262
9.92723258864986
9.929850058204531
9.928594859948802
9.927336340616156
9.927607543471686
9.929010145350766
9.927716550700229
9.927609801408751
9.926325160081642
9.927513828040407
9.927475208314654
9.926168715601646
9.924868000893133
9.927666688945626
9.926346152354864
9.925034628994888
9.925207487662322
9.925983401231447
9.924669025976701
9.923368168499398
9.9236657606179
9.924235799354994
9.922943382007555
9.92166894479658
9.922109982477158
9.922477041614625
9.92122199283769
9.91998925605519
9.921046377894085
9.921213162045296
9.920010385800632
9.918834234547004
9.91961578428628
9.919585737897563
9.918451069460168
9.917348647501097
9.918331604857425
9.91731938961709
9.917021006456997
9.915973584218671
9.914952249901404
9.915867769890749
9.914849564153789
9.914245864915143
9.913205108169738
9.91166375700827
9.91293173568783
9.91190951971446
9.910910325033486
9.909922708156286
9.908951606230376
9.910472906424179
9.909566770269093
9.908683332401974
9.907821238894396
9.906979429263277
9.906156835279736
9.907973838709193
9.907185806330634
9.906341009646654
9.905572379188872
9.904856842086176
9.90693286498243
9.907828330954466
9.907238927448486
9.906664284715303
9.906103868341269
9.907339722061696
9.909795257875322
9.909345128827269
9.908906807689274
9.910487307513092
9.910126156785271
9.911895236482449
9.911606994829349
9.914439042874147
9.916467460180694
9.916267320696367
9.918470531984159
9.920787583262836
9.920700464396853
9.926460031550613
9.929060057423325
9.929082623452382
9.93182768555035
9.934677094033871
9.94143841125178
9.947047983560509
9.95922717071583
9.968092328932897
9.980155461154464
9.995599194558991
9.988682199510228
9.947141174042061
9.946467282915911
9.942576508227368
9.942384552515234
9.942255355686163
9.942187611785608
9.942179849206642
9.942230397914205
9.942337341740703
9.938662665365106
9.939197177714068
9.939440182031472
9.939728155824891
9.940056978008753
9.940422037347084
9.94081838944728
9.93722001368483
9.937649102661707
9.938095444889461
9.938555472490512
9.939026374244671
9.939506046592188
9.939992981707158
9.940486134215789
9.936765117490514
9.93725404781389
9.93802687564391
9.938522131111123
9.93902164724368
9.93952517060845
9.940032403553143
9.936141986238699
9.936641026003045
9.937142436645631
9.937889382685723
9.9383904740096
9.938891357198358
9.939390733022893
9.939886995955717
9.935785126035604
9.936467674857596
9.936923226777392
9.937362385348408
9.937775468131935
9.938202234770534
9.938867317191447
9.939574307046644
9.935469199693976
9.936496153118581
9.937536284700395
9.938920357727234
9.940039588103483
9.941931773644502
9.943295979974819
9.945441646787213
9.94705780708301
9.944722790007223
9.946574530971699
9.948523264223407
9.951650373065217
9.953837353288185
9.956115547653726
9.959714022948518
9.962210773162832
9.959646647076823
9.962307217603456
9.965024102702763
9.969237238175003
9.972128551934077
9.975080018351484
9.978086607243894
9.981143153755136
9.984244347797262
9.987384724607095
9.985234318385618
9.988425685589293
9.99163905799516
9.993197166651473
9.996425958488075
9.999660905186772
9.997104425626272
9.99556711885494
9.99235452953897
9.978248011755902
9.964094710463822
9.954476206220766
9.94347235628027
9.939517245971569
9.932811395389026
9.927427406227595
9.921409915661368
9.916145202362523
9.913179474608047
9.915350469207606
9.9107477486123
9.907737784538458
9.903063842418486
9.89997164881418
9.896840058342907
9.892056534094031
9.88885105679315
9.885600112741825
9.884745691980767
9.88220160558657
9.886775537537847
9.887172787257407
9.886018595511345
9.884923817885197
9.885489815419554
9.884505580089526
9.883577215115501
9.88270309419331
9.881881520036766
9.881110775191281
9.880389167676977
9.879715072193937
9.88337808480918
9.88279628840676
9.8806803286575
9.878613876216395
9.873531220695284
9.862577435421617
9.863427543260626
9.864363479488354
9.865363794723267
9.866429940551505
9.867563153247925
9.868764349732684
9.870034153144159
9.87137291504036
9.878748527003033
9.880227154991271
9.881773650763018
9.883379169898143
9.884926712307177
9.889080354114636
9.890510087455272
9.896690584417728
9.898143123719018
9.904189693843374
9.905673584603068
9.911581242618366
9.913089198436225
9.91885106039393
9.921090077365205
9.924024311491724
9.930889093461575
9.933660562747658
9.941732576815458
9.947507506636907
9.949447960245212
9.951364213009047
9.953254959723827
9.958551807756264
9.959775758528204
9.96152762685551
9.962758117029665
9.964004080693739
9.968753436461862
9.969921340179933
9.97071739858568
9.971929797691978
9.97314779509039
9.974369469809286
9.975323727333592
9.976336576624918
9.980050902239835
9.980889943465838
9.981965868738738
9.982988934955921
9.990071749848996
9.991281471279919
9.992450326972605
9.993574940339654
9.994663241889766
9.99572002808283
9.996748649548206
9.997751617372256
9.998730886122347
9.998236075034615
9.999248143376644
9.99976009673099
9.998787770990186
9.997832360698292
9.99687307652705
9.995753812982928
9.994467267881745
9.993680734348818
9.993065500355339
9.99314512593752
9.992532848863641
9.991955041856453
9.991413732423645
9.990911586003122
9.990451984547827
9.990195178414936
9.98976877853938
9.989417685327208
9.989103986659337
9.988609070443514
9.987901639680391
9.986981008287684
9.985852420866248
9.984524366792392
9.983007566457044
9.981980441429908
9.980182424237952
9.978988902400992
9.976940927038454
9.975596922477875
9.97419901130556
9.972749804141298
9.971252232527728
9.969709525684625
9.968125187937503
9.966502977170148
9.964846884452696
9.963161114877176
9.962454554547866
9.960730509291448
9.958988211144161
9.958264833065975
9.956503441082212
9.954736891050272
9.954018858394676
9.952255738633802
9.951560517986767
9.949816551988725
9.949157186447644
9.947449163364334
9.945769911620044
9.9451849819249
9.943568659434888
9.94199606370588
9.94151795851158
9.940055640937302
9.936637930542275
9.933435018554086
9.928247466926349
9.922683343838758
9.922463361712166
9.922269198797558
9.922100652931519
9.92195733502652
9.92183843975546
9.921745379782887
9.92167662888779
9.921551370504112
9.921603496287304
9.921597199633746
9.921610636655096
9.921821512046533
9.922106550713607
9.922230190402457
9.922907911913216
9.923428098970104
9.924376731223134
9.937600483305056
9.946564316794895
9.95322802902973
9.96608256350399
9.974137759673471
9.977254578393577
9.98066575207995
9.982153170215831
9.983213640016253
9.984242582774627
9.985238161788999
9.986198846613949
9.987123391192936
9.988010798108895
9.988860285528304
9.989671260888539
9.99044329540251
9.991176095749887
9.99186948135938
9.992523368389408
9.993132713904306
9.993707075077833
9.99424210971499
9.994737999759051
9.99519496590843
9.995613261481488
9.995993167273303
9.996334987291183
9.996639045243628
9.996905681657964
9.997121512156227
9.997313775087758
9.997469704525416
9.997589689466361
9.997674126879796
9.99772342057962
9.997737980158828
9.997718219950391
9.997642755991011
9.99755499897464
9.997434172987594
9.997280701467059
9.997095007167854
9.996877511048393
9.996628631164953
9.996348781594675
9.99600800283082
9.995666805444017
9.995295838408232
9.994895491149991
9.99446614505001
9.994008173293278
9.99352194091079
9.992969024224672
9.992426693748111
9.991857147170492
9.991260725288107
9.990637767242916
9.989988613561271
9.989313609952857
9.988565477537273
9.987839193889256
9.987087779227073
9.986288651105074
9.982862828824278
9.981888400202118
9.980900414503232
9.979999872049842
9.973783979923883
9.972978561737563
9.9722078641692
9.96624488430344
9.965576346271769
9.96488026164043
9.95918607511369
9.958666335715021
9.958189770689856
9.95278416287569
9.952429827875616
9.947178094836014
9.947065574807487
9.946054489135296
9.940769484180043
9.940271826336646
9.93451909251377
9.933808624378832
9.928606431512316
9.927889485290644
9.921876325018262
9.921009102971878
9.915371761324783
9.914273279134724
9.907979262485632
9.906294220246947
9.90042311690695
9.897941584383034
9.890632617427126
9.882717626633784
9.877112542088936
9.868234640856326
9.86789370057829
9.863965719151969
9.860061709945207
9.859824335730112
9.856223538270477
9.852767952932163
9.852647886656774
9.849388076578526
9.846150079361536
9.846155279410256
9.843242955350233
9.84048040071353
9.83786762013392
9.838054458868278
9.835503228473446
9.833237598808651
9.83111920384978
9.82914670925344
9.829561948829044
9.827780855652307
9.825991413459708
9.824490086090812
9.823125610417787
9.821895577130926
9.823945844370275
9.82560096574263
9.826047100622157
9.82804478726145
9.829373012263021
9.82895278332466
9.829179802036942
9.825686171792782
9.827936982697027
9.83041856323077
9.832957434849684
9.835552119135988
9.838200310475523
9.841930437352987
9.844517779193833
9.84842930015876
9.861379122352579
9.887650193191268
9.918576092896812
9.918854026100254
9.919112239735838
9.91915387111891
9.919378897100522
9.919590976304232
9.919792130243856
9.919984287319336
9.920169296128824
9.920348937646214
9.920312245256556
9.920485490792473
9.92065840965158
9.920832610823243
9.921009678207545
9.92119117435687
9.921378641833261
9.92134734758142
9.921550506770245
9.921764107880929
9.921989554527585
9.922228174966614
9.92248119351377
9.922749697572812
9.92303460536888
9.923095950015997
9.923414875210973
9.923751866398366
9.924107281778324
9.910697391116706
9.888485379916537
9.884914373337576
9.882351525193691
9.879791934416867
9.878068691140658
9.875450548966203
9.872754001955482
9.871087272045862
9.868252734539738
9.86500052924153
9.861559564253225
9.857945327392976
9.85311040426251
9.845771853600576
9.827967299082124
9.828169353747679
9.828359063135807
9.82853848203481
9.828707827709293
9.828868962484755
9.829034340293003
9.829426004866148
9.829604622877056
9.829788454923506
9.830164037874802
9.830355737809134
9.830554647300115
9.83062669384988
9.83083779948315
9.831058263514018
9.83141131882814
9.831647537806367
9.831893967156532
9.832239894434817
9.832502400552402
9.832774829588498
9.833111476485124
9.833398056744633
9.833693302012232
9.833996338294671
9.839162286204907
9.84572996963015
9.850969046344082
9.853756751317473
9.857309914012708
9.861740190599663
9.864506096235914
9.865447205958345
9.868137345438852
9.87040160832263
9.873135524888198
9.875850596979932
9.87854454884619
9.87897956167184
9.881660407661224
9.884318090661267
9.884808344703076
9.887545275497414
9.890371330715666
9.890973095512582
9.893920945535386
9.896950838641365
9.897647208167628
9.900791033716814
9.901543685707368
9.904797470831499
9.908125396540562
9.90896380970591
9.912393837046633
9.913282468818537
9.916998507394307
9.920788888478468
9.92196042272344
9.925853687992383
9.926864913337605
9.930842368578658
9.932108231846362
9.936160742368212
9.945679218691371
9.950986053636687
9.956751236363512
9.960242933867889
9.964941634237967
9.967027230092837
9.972837048895917
9.974870692759366
9.97966190948005
9.981566833145472
9.986674451225852
9.991623339215575
9.992928591912642
9.995646419541549
9.998193704837497
9.999511438287092
9.998069479589747
9.996493282759445
9.99522398176912
9.9936707500809
9.99179914627165
9.990251190473424
9.988369505065895
9.98680630553848
9.985241708211566
9.98407155540589
9.982594398080128
9.981447729498461
9.980313963423496
9.979193550824188
9.977773486403853
9.976680670373288
9.975602674971643
9.974539995976867
9.973493125902738
9.972153537295094
9.971139279808273
9.970142493687263
9.968860061818356
9.96789706232951
9.966946119348808
9.966008562894906
9.965089105509149
9.964189009738735
9.9633082897686
9.962447017760939
9.9616053772996
9.960783590144915
9.959981880477057
9.959200462724418
9.9584395380952
9.957699293804962
9.95697990305039
9.956281525129008
9.95560430579263
9.95494837722626
9.95431385842854
9.95370085541904
9.95310946151434
9.952539757642182
9.951991812701557
9.951465683976314
9.950961417609808
9.950479049148134
9.95001860415988
9.949580098940636
9.94916354131126
9.948768931519645
9.948396263256768
9.94804552479772
9.947716700288337
9.947409771174776
9.947124717816013
9.946861521281425
9.946620165361711
9.94640063881654
9.946202937886778
9.946027069102815
9.945873052424924
9.9457409247563
9.945630743874398
9.945542592829113
9.94547658484594
9.945432868694798
9.945411634096825
9.94541311499045
9.945437581101507
9.945485278464043
9.945556167608627
9.94564894854565
9.945758631914032
9.94588149053081
9.9460419175501
9.946252529451103
9.947102300602657
9.94738300803348
9.947697658970153
9.94905048797709
9.950088032400778
9.951297846661427
9.95202850394264
9.952429363203182
9.953551412976822
9.95392885637932
9.954121992693912
9.954276077501355
9.954404195121347
9.954544544058814
9.954693766934831
9.954847493804516
9.955003412314378
9.955775404101104
9.955932994510054
9.956090294783696
9.956247087622724
9.95640327430665
9.956558824753676
9.956713745719497
9.956868060598918
9.957021796381456
9.957794081049881
9.957947182756197
9.958099730131467
9.958251712788355
9.958403107742663
9.958553879962572
9.958703983308645
9.958853361705964
9.959001950441655
9.959149677517045
9.959917631651733
9.960063668392403
9.960208582888312
9.960352287243698
9.960494692769327
9.960635711128997
9.960775255468896
9.960913241489447
9.961049588480858
9.961184220323503
9.961937897592206
9.962068976596418
9.962198134640568
9.962325323327978
9.96245050345253
9.962573645856512
9.962694732271927
9.962813756146106
9.962930723451919
9.963045653477867
9.963158579626198
9.963887681608991
9.96399664630189
9.964103784852997
9.964209194453758
9.964312990022268
9.964415304865282
9.964516291315956
9.964616121346202
9.964714987152886
9.964813101717914
9.964910699343354
9.965620982304307
9.965718034295847
9.965815390870185
9.965913376634845
9.966012340116876
9.966112654433944
9.96621471825362
9.966318957267008
9.9664258269006
9.966535818217569
9.966649471451461
9.966767400880972
9.967495387010436
9.96762446743092
9.967760918853156
9.967870838954237
9.968012165590064
9.968161031498896
9.968317983243114
9.968483481743213
9.96856841968231
9.968743608062592
9.969524172738625
9.96971816691711
9.969922383976641
9.970137107201076
9.970213496179532
9.970441448465934
9.97067706090139
9.970923901882864
9.970992264480365
9.971004826171447
9.97109862547447
9.971868430780225
9.972057154674504
9.972170540360572
9.971857374490035
9.971583743637161
9.973134371083365
9.97310325044621
9.973081498035537
9.973068752231864
9.97296479397561
9.973519239215593
9.97350847122193
9.97493447288566
9.975277779939736
9.975282502656619
9.974968751386342
9.974980952382877
9.975472551458168
9.975495654827565
9.975980841953607
9.976591290310319
9.97802127223687
9.978078911228923
9.978656632284613
9.979269168828923
9.979915126460337
9.98059323216449
9.980911355392573
9.981646408185474
9.98349764009814
9.985419625838102
9.986848629789097
9.988958870675956
9.990717313100456
9.99359438589087
9.999043991608367
9.998440989648357
9.998042038527545
9.997642429837017
9.996713447160559
9.996756981788463
9.996361752403342
9.995967665692167
9.99475560809556
9.994384680446464
9.994016697554386
9.993652369517761
9.993754136010146
9.992887372733469
9.991830335581332
9.9915090795583
9.991194726824697
9.990887917800768
9.990589264044965
9.990775932805331
9.989889346862242
9.989137330945853
9.9888962982792
9.988665693524899
9.988445912306418
9.987712029780852
9.98753103526121
9.987849530355708
9.987692762345366
9.987062978567863
9.986484352089029
9.986380421362083
9.986288605121196
9.986208973246072
9.985753204511855
9.98571230387886
9.986177850064879
9.985691050967105
9.985687507564808
9.98537657256289
9.985409384610596
9.985453304769118
9.985508154460678
9.98530637732425
9.985394731533702
9.985038160491168
9.98564282938962
9.985761541822367
9.985681617861704
9.985829322380319
9.985985216775216
9.986148965023263
9.985715078557408
9.985905153640026
9.986101713288077
9.986304381232769
9.986389011686805
9.986611992092083
9.987327598484024
9.987131119714805
9.9872802393818
9.98752825772007
9.987778950110975
9.988031920640633
9.988232717157372
9.988496552162559
9.988347464697446
9.988613973703192
9.988880535441044
9.989128951715779
9.989400673806095
