9.995920768519005
9.996084250305763
9.996044344298276
9.99621208692735
9.996276598064298
9.996448923888693
9.996413385625553
9.996482110242328
9.996552170230949
9.996627691405472
9.996700772154766
9.99667124498106
9.996716619761425
9.996706736247816
9.996815430002753
9.996814380652893
9.996814014441675
9.996696185881646
9.996697120008752
9.99669882326098
9.996701310336828
9.996704596241987
9.996823127319779
9.996828377256044
9.996834458595252
9.996841387310951
9.996849179612497
9.996857851909445
9.996867420766302
9.996877902846789
9.99688931484686
9.996901673415815
9.99691499530156
9.99692929630086
9.9969445925619
9.996960899510459
9.996978231947317
9.99699660390027
9.997016028470291
9.99715456584995
9.99705645830964
9.997079245926457
9.997103124331595
9.997128100732912
9.997154181790055
9.997181374251458
9.997209684445755
9.99723911377279
9.997269646624082
9.997301226388823
9.997333749133515
9.997367165433133
9.997401531410194
9.997490274782256
9.997513395451428
9.997599916046042
9.99768508870349
9.997695429822514
9.99777744803717
9.99785797118037
9.99793695913498
9.997956102153694
9.997917925228721
9.997993425112918
9.99806730965425
9.99808506775105
9.998156596451288
9.99822647392089
9.998181495992418
9.998197978997961
9.998264259683898
9.99832889251344
9.998391880235243
9.998406871772513
9.99846757441684
9.998526659736132
9.99858414211267
9.998597816887685
9.998653119377662
9.998706870645238
9.998720003088927
9.999145124390894
9.999386647766334
9.999486481657593
9.999547384602414
9.999679073492771
9.999601729949813
9.999728678403836
9.999781340631543
9.999871562377853
9.999920261931557
9.999967097609757
9.999987885597827
9.99985119372015
9.999881539599096
9.999790993548121
9.999703953802744
9.999646094969822
9.999590763230685
9.999562656489408
9.999476018389391
9.999451465772044
9.999428128748754
9.99942804316974
9.999406443242314
9.999385957071347
9.999386692681924
9.999387163478875
9.999368783599818
9.999362751920488
9.999360303783813
9.999340931858248
9.999338706531715
9.99933626026232
9.999333613681301
9.999366428655678
9.999381077635768
9.999365466318276
9.999363008585785
9.999360126339118
9.999356885421726
9.999415687316842
9.99941112569558
9.999401237200427
9.999359509892434
9.999234762454488
9.999271056955761
9.999248313844317
9.999220800187903
9.999208980942779
9.999236058295253
9.99922470365578
9.999247716026016
9.999233382927514
9.999219844603413
9.99920981355359
9.999042413186089
9.999028999241986
9.999060757920008
9.999034413589303
9.99902429154503
9.999013191787961
9.999004470782896
9.99899627644406
9.999035266816085
9.998858977991034
9.998844143132565
9.998830571164444
9.998816841946429
9.998828973857483
9.998811577080714
9.998793783813916
9.998771770003593
9.998688351595282
9.998665092424655
9.99864240262376
9.99861396061003
9.998571038247276
9.998551693592598
9.998519223812432
9.998491734446294
9.99845817927236
9.998419960157717
9.9983863155433
9.998357597071752
9.998323449904426
9.998288887493153
9.998256013665642
9.998213771140179
9.998183311786647
9.998149720241889
9.998115211422029
9.998083199565222
9.998051272140906
9.998022455242022
9.998002341584446
9.99797702498464
9.997943211525417
9.997907726905023
9.997871664659481
9.997836998499016
9.997801284019598
9.997766222298893
9.997727777672594
9.997688899730825
9.997652228449777
9.997612150767013
9.997575340169298
9.997533950772636
9.997505135044031
9.997460880694412
9.997421650953239
9.997377843667573
9.997338741767035
9.997289630329226
9.99724065383245
9.997188612141656
9.997116654164188
9.997058299275315
9.996985250582057
9.996901925947473
9.996821343463388
9.996716041217903
9.996582858160982
9.996449955163738
9.996280807223535
9.996113957615307
9.996052429167516
9.995990995201229
9.995861535566252
9.995796646111087
9.995731886979032
9.99568421349896
9.995620737731318
9.995557576766213
9.995401220848727
9.99531401023843
9.995246773438938
9.995179928001132
9.995113530657017
9.994930378791539
9.994834451974667
9.994763809670463
9.994693700206996
9.994594519320156
9.994381099050033
9.994306506646662
9.994198784150388
9.994123997023003
9.994013229462023
9.993766703228394
9.99364720093398
9.993566523680226
9.993443416808283
9.993317583394154
9.993032889188921
9.992897035401661
9.992808494362768
9.99266823754229
9.992524689372082
9.992197631649942
9.992042611071772
9.991883860737616
9.991721254538868
9.991620223604908
9.99117813346404
9.99099834537171
9.990887100933568
9.990700895646505
9.990510049588272
9.990000016042305
9.989791471943366
9.989664447192911
9.989448378494263
9.98922696210273
9.988641287011022
9.988400040732726
9.988254937167508
9.988005182969786
9.98774947146586
9.987080464566585
9.986802983717917
9.9866378230901
9.986351134087577
9.986058073912172
9.985298480371032
9.9849821079029
9.984795551608217
9.984469729596471
9.984137424404446
9.983280899016052
9.982924343128605
9.982715999779805
9.982350369239585
9.981978536743926
9.981020065758328
9.980792966323204
9.980394420979163
9.979990159507473
9.979580411659457
9.978699670804215
9.97826948951666
9.977834316354496
9.977587495932877
9.977146350363151
9.976177225838805
9.975716190486262
9.975251219235064
9.97499076002575
9.974521443268374
9.973458956287715
9.972969935354554
9.972696739736573
9.97242565359094
9.971932060403226
9.97166214343355
9.970256472723067
9.969969620175505
9.96968380933129
9.969398696029701
9.968874265910339
9.967582490243966
9.967274768088801
9.966965125039943
9.966402513195797
9.966083026082716
9.96465119284618
9.964299341475785
9.963938585080257
9.96356672090814
9.964857421545567
9.965330381037127
9.96426623353189
9.964299921571335
9.964369900748087
9.964713690652356
9.965108015302125
9.964296750825588
9.964321079811508
9.964472796206843
9.96461586794961
9.9652824399173
9.965137386180137
9.963985562606425
9.964919825130798
9.964861241491276
9.966005489584372
9.966029799496186
9.966803897053335
9.96521720564851
9.966778000851232
9.96694591938175
9.968060126958264
9.968137018278357
9.969573965930769
9.969712969486208
9.9710578108977
9.971304344093081
9.972870064680299
9.974120449496365
9.975951150724093
9.977947977449837
9.97851808440352
9.980900487305181
9.981662772135117
9.98328367738392
9.983819754406257
9.984369655315618
9.984932952416699
9.985509179884403
9.98609788968135
9.988102920166357
9.988764003891678
9.98943812753087
9.990124993059963
9.990824333191393
9.993228769383201
9.994011540550131
9.994808401566459
9.995619321147613
9.996444313505322
9.999324206968597
9.999750621640509
9.998808386750117
9.997848797324174
9.996871522820664
9.993416620645819
9.992315900272333
9.991193149259948
9.98728469857012
9.986018772158063
9.984725888073376
9.980305171172706
9.978847862939173
9.977358819756518
9.972364092036232
9.970689887657887
9.96522557837435
9.963351216553109
9.95738625233057
9.955299247178688
9.948805060255964
9.941947144424773
9.947393486745993
9.955503237830982
9.966568494197416
9.953539373214868
9.944557804414055
9.941805792932394
9.938783820721014
9.935558099018257
9.932124597827002
9.928510036540667
9.924746914261805
9.920816102568518
9.916702632576506
9.912392836122699
9.907873703371946
9.903132558558054
9.898156848013285
9.892933975939101
9.887451166778533
9.8816953467304
9.875653043064268
9.869310301309994
9.862652622155837
9.855664920747603
9.848331512184657
9.840636128197904
9.832561971216144
9.824091813065483
9.81520814600703
9.805893393068768
9.796130181772188
9.785901679325011
9.775191977245958
9.763986499204286
9.75227238940297
9.740038825415434
9.727277195216324
9.713981092131812
9.700146113736018
9.685769494789492
9.670849643546756
9.655385668996473
9.639376977415509
9.622822987007607
9.60572297406468
9.58807603611502
9.569881142708963
9.551137241682941
9.531843393401578
9.511998913083396
9.491603508283438
9.47065740569067
9.449161463312926
9.427117268615417
9.404527223227753
9.381394615789196
9.357723684554122
9.333519671261913
9.308788867557308
9.283538655001918
9.257777539483193
9.231515180621045
9.20476241659996
9.177531284715352
9.149835037813707
9.121688156720774
9.093106358702357
9.064106601920605
9.034707085879393
9.00492724777275
8.97478775467641
8.944310491508288
8.91351854468876
8.882436181439905
8.851088824675113
8.81950302344564
8.787706418928536
8.755727705960219
8.723596590141296
8.691343740560841
8.659000738211825
8.626600020298449
8.59417481992512
8.561759102886962
8.529387499630467
8.49709523415118
8.464918049414505
8.432892129642456
8.401054019725635
8.369440542039916
8.338088710966009
8.30703564542745
8.276318479778036
8.245974273383677
8.21603991925532
8.186552052099694
8.15754695616219
8.129060473248344
8.101127911268078
8.073783953786904
8.04706257083234
8.02099693143856
7.995619318261811
7.970961044640386
7.9470523744559
7.923922445140863
7.901599194163666
7.880109289306679
7.859478063035976
7.839729451242605
7.820885936615582
7.8029684968857875
7.785996558158339
7.7699879535743115
7.754958887197133
7.740923903975898
7.7278958649647755
7.715885928624276
7.704903537997282
7.69495641387365
7.686050553989615
7.678190238291705
7.671378040280601
7.6656148444387995
7.660899869737254
7.657230699211029
7.654603315592735
7.653012142995309
7.6524500946433704
7.652908626757915
7.654377798066965
7.656846336384232
7.660301710489325
7.66473020880825
7.670117024496699
7.67644634721468
7.683701461833445
7.691864854358476
7.700918325389798
7.71084311146656
7.721620014647906
7.73322954065441
7.745652045817093
7.758867892932257
7.772857615871541
7.7876020923324765
7.803082724100081
7.819281621753306
7.83618179238455
7.853767324776415
7.872023566282312
7.89093728292034
7.910496791705221
7.930692051453844
7.951514695533815
7.972957987692429
7.995016680794271
8.017686758751754
8.632618462412035
9.321897527480939
9.673383094676648
9.991757356547279
9.807623941346733
9.603375108428459
9.460060632333043
9.32362132810894
9.224502185300311
9.21180487788273
9.21717970771194
9.223783162667074
9.219742952193737
9.229386090897878
9.239883955712644
9.251135796684803
9.263047257810985
9.275530424676319
9.287956226760851
9.307086807763342
9.32005521851594
9.333337477600754
9.35105513176471
9.364206543759003
9.380830761619025
9.392606548953719
9.408065335367482
9.422837911984654
9.435046570099102
9.448796826606278
9.460277317223621
9.472696926848144
9.484529266414864
9.495413592212818
9.506435126256068
9.516901643814514
9.524698478306377
9.53423586071985
9.543430471081695
9.55232749800446
9.558322795337372
9.566563140418468
9.573717020993906
9.579680739393371
9.585916109121499
9.588383436797391
9.595074138181172
9.59507201599679
9.601483245115087
9.604150888294727
9.607153416512105
9.612651858584098
9.61796775830749
9.613680039348347
9.618726075814276
9.623608107219717
9.624032295470272
9.628515363777652
9.632845290940466
9.637024290059436
9.636337065465066
9.634551735094085
9.637966247759636
9.636182974929845
9.639218616702195
9.642104383216136
9.644839549153403
9.64196642785218
9.644319177496861
9.646520269914117
9.642791777942904
9.644613599674862
9.654462881756226
9.65013184229597
9.651673619690955
9.653074174288097
9.647937428248746
9.64899226200221
9.64991695668634
9.644018795096036
9.645506901791443
9.645826970024142
9.639054914677594
9.639097093239021
9.639048560800664
9.631636384486109
9.631317338983777
9.635153005043342
9.634862035991093
9.63450915503105
9.627913137127326
9.629880912863074
9.612286094218211
9.606848941027016
9.615992573697328
9.599689282846274
9.616145166608817
9.619542908703698
9.605028827844576
9.609604427879795
9.615042283165195
9.613423691423268
9.622661862714887
9.611666487248947
9.617939528914635
9.623686647634733
9.627314798272819
9.632601757459565
9.637576963212917
9.642266080072327
9.646324354986684
9.650837823936442
9.655120655034683
9.676645609035226
9.680712911562665
9.668125124559644
9.690055903453565
9.693938855374816
9.69765714541461
9.71991923088904
9.723541468125138
9.727022539428795
9.749672399062174
9.75309693247475
9.776088442860974
9.779473884620847
9.796834423964087
9.81999267244605
9.8229580629041
9.846440298531379
9.84935776797725
9.88572231491059
9.888275171917094
9.912041057569866
9.926016554954272
9.949709926450325
9.973591377095563
9.986035062429032
9.990214022953555
9.988635711395954
9.956313690871596
9.954079667277211
9.951593289442753
9.941278681331113
9.939064430124889
9.929977283549352
9.928032032201973
9.920193520486361
9.918514839330502
9.916758504012375
9.91052676817474
9.909029190761665
9.90407486520268
9.902831468171907
9.899154855465914
9.898154587559084
9.89574068966795
9.894954065099551
9.89375174512933
9.893028008827292
9.892051919067084
9.890942629929798
9.889743727068947
9.888485029470539
9.887190005153208
9.885878409839036
9.884567518183621
9.883272787510313
9.882008248359613
9.880786747704782
9.879620106407996
9.878519223984775
9.877494149727818
9.876554131782068
9.875707651537658
9.874962448189956
9.874325536751673
9.873803221794894
9.873401108532628
9.873124112415802
9.872976467952379
9.872961737685308
9.873082821341907
9.873341965808255
9.873740776035186
9.874280227067185
9.8749606773121
9.875781883129674
9.87674301478632
9.877842673799487
9.879078911676567
9.880449250038794
9.881950702109624
9.883579795538717
9.885332596526517
9.887204735290878
9.889191432349406
9.89128752678695
9.893487504846211
9.895785530014848
9.898175474082034
9.900650949208341
9.90320534097536
9.905831842385943
9.908523488791184
9.911273193726133
9.914073785642811
9.916918045536178
9.919798745466409
9.922708687989013
9.925640746512999
9.9285879066285
9.931543308369701
9.934500289645275
9.937452430649987
9.94039359951263
9.943317999187745
9.94622021569765
9.949095267832487
9.951938658430945
9.95474642738185
9.95751520650724
9.960242276512927
9.962925626224186
9.965564014365533
9.968157034197949
9.970705181400142
9.973209925593526
9.975673786660623
9.978100415349425
9.980494681027114
9.982862766707633
9.985212273910097
9.987552340069795
9.989893772491513
9.99224920460897
9.994633283055409
9.99706289841643
9.999557479756572
9.997860614483505
9.995165553677793
9.99232723946358
9.989310058277049
9.986070739510541
9.982554146931957
9.978682793888252
9.974402110648338
9.97018717570481
9.966278381235277
9.964470722133749
9.961832451403327
9.962575039072926
9.96134410259829
9.964819354805094
9.964892976893577
9.971030505303043
9.972665157642675
9.974145094664491
9.984109508572004
9.975435920394254
9.991359185082366
9.99915059421856
9.97913565608414
9.969568216893641
9.946820625373254
9.934444719297929
9.910802146783237
9.89712937790929
9.871262393091275
9.841690551905023
9.825983880834553
9.79657114611463
9.763245793644213
9.745814991754886
9.713341288252135
9.676809870119516
9.661196091795027
9.62309848581557
9.58745884181123
9.522783082078728
9.502998568313501
9.46602827952821
9.424783444296938
9.38710458923507
9.367080568845983
9.329406140690196
9.29183913021012
9.22634117689441
9.21183235621301
9.170414583767531
9.156729078479351
9.098271586576558
9.058127217926824
9.023695857341531
8.923392238069388
8.929547711118898
8.941181832214543
8.95294401599988
8.965313022185263
8.978485532920939
8.992413592939078
9.007025474235515
9.029099760231327
9.045068434551354
9.061569172470389
9.146004708890892
9.2024784876107
9.266434206062927
9.310836828661929
9.366203592851754
9.39208795974553
9.455836229882653
9.510003594104765
9.536712834820264
9.590024195539883
9.617123691976898
9.669445238806517
9.686718179790448
9.72163730209008
9.772245622429852
9.789133590924951
9.823041998859022
9.871750097360943
9.877960533440712
9.91067885075085
9.943002958448336
9.962914345156873
9.994329669533673
9.984548709320821
9.969528149576286
9.94897805315746
9.919155008327026
9.899333611004426
9.879608462225367
9.863585422990944
9.859355822930437
9.855231197364395
9.851201319153784
9.838408986192146
9.834707267294236
9.831113468733415
9.827632262417648
9.824268330325754
9.812729598531899
9.80973587921236
9.806872501924659
9.804141304882293
9.801433572215592
9.798698219297306
9.788246297621363
9.786665297730606
9.785274745567046
9.784078061089689
9.783079943840033
9.782285560210317
9.781698157785286
9.78131304324063
9.781113754147965
9.78108073387915
9.781199653330566
9.78146091387661
9.781857426089095
9.782383345969471
9.783033454448656
9.783802824387866
9.784686604292677
9.78567936370791
9.781972581029683
9.782915275627289
9.803239495885204
9.813464650633016
9.823675786649495
9.830276209047144
9.840407551619842
9.850498149286945
9.852048077669963
9.859028550293262
9.86791563646727
9.874507032757494
9.877398354632902
9.884006657462464
9.889860987916768
9.896307401726695
9.89997367869121
9.906330632381849
9.912292930197195
9.916407750174711
9.918958442699747
9.92714337435341
9.929561578001326
9.930780849247679
9.933235469211816
9.93845478477676
9.94019087568476
9.942129611909223
9.944252320366203
9.946534888931234
9.945073168699317
9.943517484231599
9.945541728601487
9.943780588699468
9.941782446290036
9.939838216093134
9.93784636167127
9.935524442820249
9.933390307675358
9.931242818822355
9.925149774673464
9.922923723712506
9.916483568300183
9.913663279033557
9.910623625984122
9.904361236287277
9.89711061556312
9.886808919855785
9.875324544821172
9.863110027850261
9.862642973875515
9.85803303200187
9.857663269437968
9.85276830751526
9.851803292596452
9.846616783530566
9.841282584209434
9.839930644800189
9.834780997048728
9.829000514346573
9.827276762076677
9.821185180435716
9.814922429256622
9.808481784904505
9.801914173884034
9.791925677041633
9.775672117271862
9.754257391345
9.72754259386407
9.723109300487739
9.718612785474658
9.714055462971878
9.70943913867685
9.704764859820006
9.70003268606866
9.695241305181197
9.690387306215875
9.685463523614313
9.681260801753385
9.67623843855802
9.671458198498708
9.666963271403713
9.60461256449838
9.566317223883008
9.529538789574
9.485715581121568
9.472432470700824
9.468533736170242
9.46609798506696
9.461854411551991
9.459486416118873
9.454996630983677
9.450341396253446
9.445530993178226
9.443293895020151
9.438343783715604
9.433266874468929
9.428070097517969
9.422759936626466
9.417342483840384
9.411823480970108
9.406208352715206
9.399403498723348
9.393598706232073
9.387712407296213
9.381748975880082
9.375712519868166
9.364808593630134
9.358461955710192
9.352049496070853
9.34437696660017
9.332384894033437
9.325554094057306
9.312950218175553
9.305862904304204
9.292759310312395
9.279334031892688
9.265577508523853
9.251486291380576
9.23064981938107
9.215768331004002
9.180561614651909
9.163172765912748
9.15354623593436
9.143930317693199
9.134323225613507
9.124732245429342
9.115164965242881
9.105629207248725
9.096132990402134
9.086684494487702
9.07729202559812
9.067963983143631
9.05870882840799
9.049535053243456
9.04045114496744
9.031465515146124
9.02258616727053
9.01382095897757
9.005178477913917
8.996666959841498
8.98829430257684
8.98006819133813
8.971996111648403
8.964085326890128
8.956342853577182
8.9487756188576
8.941391849548136
8.934141573621515
8.927192225414496
8.920535233047259
8.914102980323044
8.90784004977351
8.901778244134482
8.894516358136947
8.888902211027377
8.883521382371198
8.878378381955507
8.877364233403938
8.881512798692896
8.884403049510695
8.882675216092478
8.884088283604651
8.88172501517296
8.881118983393048
8.880881037881148
8.877716753824611
8.87813797010355
8.876194134285956
8.873895990488561
8.870370524283228
8.868381653365017
8.866558683512215
8.864670820190465
8.863179242584575
8.86185843114004
8.859366282154092
8.858395154157122
8.857604013504503
8.856718004705272
8.856293301244236
8.85474129826418
8.854699188761328
8.85453522719285
8.854884494146368
8.854146530450008
8.854899785018057
8.855858312478874
8.855403637478496
8.856772873685436
8.858351000155057
8.859739456124293
8.860504887790244
8.862707283344015
8.86468138180943
8.866099764450325
8.868921037474486
8.87030624132706
8.87353049705069
8.875821709807356
8.87892709344439
8.8816367139697
8.885084047379019
8.887611788434985
8.891967105092661
8.894840346584843
8.897876848401525
8.901069617527282
8.902751622121723
8.905399593592556
8.910673482112305
8.916076176821292
8.921597750766633
8.92722742003524
8.932953438864232
8.938762961157964
8.944641851680817
8.950574420789852
8.956543036786643
8.962527530540203
8.968504218377944
8.97444413974749
8.980309369310023
8.986042738823434
8.99185691633328
9.00037513763523
9.011039376916727
9.02048061769934
9.0330441495176
9.04464457518445
9.057185841827668
9.070675334658683
9.081456776157857
9.096476750954098
9.108211970801992
9.120310922810738
9.132765104075922
9.145564877715191
9.158699454890868
9.167135937337674
9.180728416252888
9.194623762708476
9.203407042765221
9.217707671507904
9.37396596014228
9.425289797112628
9.480906742111012
9.529541061109722
9.565593577454496
9.590759732318809
9.615280062371138
9.639158262904076
9.662393455056066
9.684925954214501
9.69691898646858
9.70891181709347
9.720537861998547
9.725860544788125
9.728945081493091
9.739736956892083
9.736761047797923
9.747062257838184
9.743971977494484
9.753784166892586
9.750566764294096
9.75393277793958
9.75653567116664
9.753187813981128
9.755895618277107
9.752382730557484
9.754840790820962
9.756869983073251
9.753156192610001
9.749412412515303
9.745631183036442
9.741804952865223
9.73792603576873
9.733986566017915
9.734496804224236
9.734287904444912
9.7364083143325
9.7387453216689
9.741179864849743
9.743710304531103
9.746334297689966
9.749048670553982
9.751849289551588
9.754730924197283
9.757687141444219
9.76071028567146
9.763791599839438
9.764012728941173
9.767285581235873
9.770584283693305
9.773899719220834
9.777223835536578
9.780549857911847
9.783872337696312
9.78718707882033
9.788334799797017
9.791704642045936
9.795056680730738
9.79839013950864
9.801704756274116
9.803216430711533
9.806556110426097
9.809874748058204
9.81158056893615
9.814912039388847
9.816749961150531
9.820085827143
9.822039138777306
9.8253723837963
9.827425795541652
9.829557508149692
9.831764230301317
9.834034830616089
9.836219775639021
9.837649479267231
9.839156305085272
9.854252398734634
9.86619153294262
9.873905473034913
9.885691777883007
9.893063134912017
9.897501320613605
9.904541444837925
9.90636126119284
9.913252858395039
9.917073848521303
9.922720142106666
9.929243950574104
9.932603746155923
9.93433725531316
9.937626642624119
9.943361892395519
9.946755490532727
9.949219243799561
9.95235596254639
9.956071543739604
9.959163957111352
9.963071773299356
9.96880787772705
9.969273644510645
9.973401519386423
9.976043153299074
9.97874277307737
9.979886607646456
9.985833684883607
9.987282401951877
9.990105909327298
9.993250760937327
9.995187160010625
9.998163739774107
9.998405747148201
9.998127650561248
9.995715910855287
9.995171861711915
9.994891410680504
9.988958106250115
9.990688295648061
9.992968959579448
9.997922201414797
9.991831314321884
9.990096817921346
9.987267694353429
9.98732937379443
9.97852953918139
9.979879103899329
9.977509353367973
9.979182503720146
9.976130461482223
9.97475493737657
9.976897520394115
9.983529672548684
9.98695101178981
9.985559039353213
9.98093240135127
9.979659560693122
9.974514384222973
9.973305595974796
9.972167540114999
9.966973174574017
9.962624838267757
9.961652481056701
9.956452103195561
9.955588950424287
9.9503930497787
9.949655678851082
9.945719404167214
9.940595145838767
9.940103290073477
9.935037733528734
9.934711723712372
9.934498802218801
9.929582321074554
9.926266173002347
9.921459035170857
9.92163700802812
9.916958610689464
9.917353580445232
9.912820968801883
9.910163266659605
9.905790994027958
9.906654680562765
9.902455700208337
9.903567685189635
9.899551909912098
9.900918418004395
9.897092941204162
9.895449650770946
9.89181846949732
9.89370274843307
9.890267149066522
9.892409638452428
9.889167667654684
9.891564255805106
9.888510880838593
9.887906218530825
9.885033477446486
9.887914944587074
9.885211612214086
9.888318092612526
9.885770083484157
9.88908619782777
9.892509466650145
9.88696132365216
9.890565946794073
9.888349019506675
9.89211216356918
9.895953227950457
9.89387582488092
9.897836316994267
9.901853005510349
9.896662325508345
9.900754042635185
9.904877299042585
9.909022983560199
9.90703119143405
9.911181495444863
9.915325674230427
9.913232571684429
9.914169799991798
9.918223104112393
9.922227482043166
9.926171268077633
9.923735184404826
9.92751278474839
9.93119330757499
9.93476370305748
9.93510253508896
9.938413524180941
9.941572945913684
9.938168870459101
9.940974777807487
9.943583956152027
9.94598000094416
9.945086575586288
9.947005635354335
9.948656726043183
9.970948813037909
9.923903768663658
9.884570673619603
9.858537669274261
9.837489092933875
9.814324900118283
9.797358826788056
9.780664067161782
9.764346123025744
9.751439702113565
9.741248038999025
9.726261829286981
9.716623153855009
9.708010009389575
9.707274351321665
9.706486489651667
9.705538767079563
9.707271774068117
9.706012246689612
9.704604158566628
9.705823898185177
9.705250313823367
9.709975517161352
9.712719857204089
9.714100936263613
9.721062338243488
9.731682371857023
9.730231868928126
9.72868612754886
9.727051428773185
9.725334129091047
9.72354060456868
9.721677232736509
9.71975038255686
9.71776640828104
9.71573164585486
9.713652423924295
9.711535819665848
9.709420110358128
9.709742309908995
9.70969235819634
9.709527521172857
9.709270223210993
9.70892412258004
9.708493069778243
9.707981148766775
9.705348733054272
9.704733806638577
9.702100515634184
9.699496862212783
9.698777400280228
9.6961950282132
9.693653645623456
9.692860932678002
9.690361830192462
9.687914378424482
9.685522001766921
9.684694744089498
9.682386506255721
9.680318922365071
9.683706751036915
9.687048644220605
9.696531704925134
9.700142113524091
9.703880946583023
9.713819475755768
9.717829925450882
9.72808716357598
9.732358461707591
9.74291916688932
9.747418529413988
9.75823306979769
9.769180244449547
9.770394605110251
9.778054335323583
9.783016731006938
9.784550306653713
9.795972046994063
9.797152867038978
9.802339940540142
9.804135980652088
9.815668273766647
9.817495754875981
9.822675400234852
9.82451609608882
9.823444526123094
9.825164520383021
9.83028691522329
9.8353558134882
9.8371488839612
9.836138698923737
9.841067073344483
9.842766615653375
9.841787630668254
9.846549146393693
9.851225242367903
9.847157522902581
9.851715284105612
9.850772647965872
9.849883548400708
9.851237461930227
9.850365961312352
9.849544723751842
9.853749247506482
9.852934620309634
9.849196772542836
9.848475950406907
9.852430729588578
9.851705081278636
9.851020589862351
9.847475205132955
9.846870902424907
9.842126809430018
9.841684502921801
9.84127534145183
9.844580874501718
9.849159120577282
9.853405843768568
9.859672016928654
9.86269519466373
9.869558956771753
9.86801135339271
9.87267284216117
9.8742665857432
9.876087852211528
9.878120453119926
9.880387413483437
9.87997305403064
9.879665133848427
9.8795041340876
9.879483929006286
9.879598298761818
9.879840941990082
9.877606533282743
9.87549424042731
9.876112247991314
9.875287592337575
9.873742014873706
9.872289664332293
9.873447664265598
9.871344115691418
9.87281776510411
9.86899771968712
9.870760839841958
9.870356969262923
9.872096561107341
9.869571717885687
9.869315152562205
9.870979331721252
9.870495948404786
9.869571074118044
9.86890818678375
9.870015740279092
9.866977772081707
9.86784288392678
9.86689057234678
9.865380912085637
9.864309675533272
9.863211040270098
9.861482401950058
9.860286752115487
9.858437550318765
9.857161025864311
9.853954700089671
9.852019932518207
9.85059505731998
9.847545251492955
9.84468996837806
9.841903516980445
9.840755942460097
9.836536795240377
9.833956907903483
9.831446729301522
9.829007278809788
9.826640081006495
9.823250230894157
9.821099607825833
9.818122959574646
9.815416173995109
9.813647524686031
9.811374538195576
9.809390329333928
9.80717019898808
9.805054141708426
9.803317153356163
9.80166994409645
9.799271131123602
9.797092154678758
9.793956433146313
9.790565942622724
9.780793842830134
9.774568471452685
9.764113622856472
9.752554498423244
9.741731188531817
9.725688145475534
9.709271974384901
9.680598412137954
9.665898223411805
9.65895509989558
9.650288896452773
9.641494868785989
9.632658047946288
9.629949600310967
9.627273918929685
9.624635650405416
9.622039144630566
9.619488466241604
9.616987404856317
9.614539484345105
9.612147971357722
9.60981588330137
9.607545995943598
9.60534085079226
9.603202762384052
9.601133825592195
9.59913592302695
9.597210732687625
9.595359735681695
9.593584224337144
9.591885310480302
9.590263933949196
9.588720871287729
9.587256744565169
9.58587203025261
9.584567068079107
9.583342069785223
9.582197127690591
9.581132222994851
9.580147233737135
9.579241942347931
9.57841604273747
9.5776691468968
9.577000790855788
9.576410440287248
9.575897495330993
9.575461294950381
9.57510112070164
9.574816199949254
9.574605708543354
9.574468772976909
9.574404472040571
9.574411837991253
9.574489857246988
9.574637470615402
9.574853573055801
9.57513701296532
9.575486590966864
9.575901058146796
9.576379113755436
9.576919402081277
9.577520508604971
9.578180955006843
9.578899192731335
9.57967359447026
9.580502442457261
9.581383911453964
9.582316041903661
9.583296691478159
9.584323419887884
9.585393143019092
9.586506758839107
9.58766067300106
9.588936506794767
9.590185703258529
9.591470358335624
9.592787965117196
9.594336774612199
9.595735283744034
9.597159590988598
9.598606618227466
9.600387205651469
9.60189163205718
9.603408780933178
9.605338405216438
9.606889631923528
9.608440976427405
9.609987402442632
9.664495108489188
9.695880868096836
9.718641055163411
9.737987283846333
9.752551629614088
9.767369114600255
9.778755260626918
9.792660390525686
9.799089781004021
9.81002429192069
9.816108918323023
9.827506433394285
9.83783650651418
9.85868711346324
9.873239088238023
9.88323610193143
9.8954802837436
9.90674198113065
9.91026349972943
9.921358510495198
9.928666396678
9.933244234899766
9.941172195562963
9.948343496836591
9.95348141035109
9.960622481489969
9.968065762969315
9.9749992744581
9.975482006166207
9.98474843886197
9.9895396623202
9.992788962958091
9.998164657986852
9.996960098125454
9.998859453628624
9.99660726397538
9.992633497837154
9.979859325335179
9.978749838583692
9.981989243314901
9.984437029747664
9.984139367417889
9.9821591323649
9.9848535467537
9.983985228088452
9.983689567901738
9.98037855606685
9.977075061294133
9.97665623977198
9.975671048903692
9.972342587318133
9.969025319970976
9.963411261530892
9.960181060314756
9.96188846881431
9.958641213726171
9.953300858521077
9.950154532895436
9.949278658025854
9.94618348906259
9.941191743504685
9.938211647041056
9.933412148091989
9.931236161539896
9.928406172907305
9.923885330912888
9.92118552347984
9.916866825619113
9.916354101391127
9.914349278973928
9.911891251669328
9.906380975186988
9.902551565625968
9.90225697344915
9.900704445888888
9.898602031871897
9.89355843650168
9.89209892738208
9.89021681841452
9.889127857846843
9.88629790655344
9.884639603187654
9.883620489548816
9.880875825842962
9.878519400229228
9.878852390051897
9.876347060922068
9.87411530769991
9.871932622768767
9.869934531794552
9.869025412682774
9.868938085319133
9.865430618995898
9.865550297921267
9.862228432963766
9.860774422197064
9.859410120012974
9.857232594687146
9.857826818923202
9.854910942500654
9.852068472113576
9.851110626846054
9.848418235731213
9.842120958942337
9.835865134855844
9.837052392994067
9.838322451082728
9.839672086729065
9.841097837628825
9.842595989124801
9.849437807534336
9.858766172814946
9.868131269945499
9.878777292505845
9.888601922227952
9.901613379552753
9.91330297883179
9.921560821644027
9.923554248494392
9.925545975274932
9.927541039096974
9.929537895980085
9.931535233256763
9.933531952255791
9.935527152481455
9.93752011659078
9.939510296847413
9.941497304648033
9.94335679230713
9.945362106977436
9.947363637879361
9.949361347071461
9.951354894524915
9.953342102683653
9.955322957559229
9.95730003966042
9.959274555345273
9.961247495136478
9.963219827072193
9.965192489456955
9.967166373794427
9.96914229914437
9.971120976468248
9.973102961035632
9.97508858894914
9.977077890203665
9.979070463303346
9.981065280327538
9.983060375306263
9.985052498646985
9.998532922455182
9.994934750469316
9.991140227343667
9.987219857569047
9.983178799601951
9.978995069401938
9.971600803008236
9.958267731854988
9.951722069643509
9.939371027797582
9.93344303795126
9.924083320117209
9.915388296007542
9.905315990909193
9.89792842747169
9.891118926938894
9.884519452134432
9.87382731554886
9.861191020277488
9.849454943915758
9.847950615735586
9.846404577148013
9.844834457666344
9.84097556226378
9.839380982497426
9.837800315265019
9.8362429596562
9.83471708015162
9.833229788294222
9.83178728681915
9.830394985854745
9.826592042036411
9.82529292920815
9.824056074682645
9.822884519658503
9.82178084923788
9.820747230689298
9.819785445965831
9.81889691951014
9.818082742185364
9.817343692018664
9.81397405524907
9.813363670607046
9.81282883414349
9.81236924143013
9.811984347901188
9.811673379485153
9.81143534236541
9.811269032134089
9.811173042406727
9.811145772996806
9.811185437719406
9.811290071874495
9.811457539443563
9.808656032726352
9.80891777013224
9.809234871636242
9.809604590927485
9.810024042365699
9.810490206433105
9.810999934763634
9.811549954897561
9.812136874208464
9.812757183601896
9.813407260422055
9.810774740643618
9.811448512531882
9.812140512104698
9.81284668541153
9.813562867743741
9.814284781312997
9.815008031845968
9.815728104078866
9.816440356173647
9.817140013134116
9.814266565276167
9.814902292413672
9.815510296301062
9.81608520030197
9.816621457583489
9.817113348150468
9.817554980916807
9.814220286600726
9.814520263009232
9.814752962372697
9.815410894867039
9.815554352777934
9.818304658237798
9.818014366441885
9.813840989915555
9.816440902369202
9.816058222821852
9.815671976964428
9.818200030375436
9.813798051704035
9.81335511006651
9.813311186808205
9.813631859871297
9.813918736827482
9.810109328861504
9.810332014263318
9.810544816478199
9.810757319074643
9.806842403661761
9.804431768711586
9.804653948309031
9.805021088963684
9.798002610211306
9.794669474163284
9.792001320733212
9.782760038735326
9.771251827875936
9.77042209345849
9.765117645659593
9.76412130334926
9.763157876016056
9.757901563106715
9.756985865867168
9.756102112077732
9.750891990776495
9.750060815104396
9.744887374128513
9.74411478830272
9.74338070888901
9.738278493487915
9.737612820221985
9.732566923874817
9.731976475200259
9.72699509756141
9.726486605908669
9.721577843575137
9.721157910671353
9.716329747892669
9.716004853664922
9.71126519448563
9.70657414167357
9.706398465910684
9.701808311598159
9.701743882472984
9.697262636802972
9.692841940857473
9.692951825654262
9.688653035737298
9.684422599334933
9.680263588833327
9.680628110947076
9.676610056014924
9.67267197897161
9.668817259824262
9.665049368203926
9.661371866342307
9.657788413481379
9.654302774786231
9.646592781161331
9.643333744437957
9.635920519080312
9.629591301354953
9.59403416295012
9.598463066696505
9.59942715980022
9.600470863868477
9.605310014525351
9.606535198027611
9.611630108811786
9.613039977036252
9.618389149217968
9.619988403034402
9.625590577144528
9.627384874695345
9.701153541796154
9.744088514784197
9.780649234103098
9.802481890502028
9.824935595778943
9.85070456513525
9.868102034467528
9.87955171784742
9.90002576343273
9.911054196132621
9.930226800213806
9.946236780378847
9.963892498217369
9.981155264241407
9.995744951314983
9.975570189111957
9.93275099560089
9.909724044094148
9.909212209692289
9.915698030076086
9.915806008690573
9.919261276750289
9.923647820456425
9.927858959772943
9.932665980239861
9.94097263274851
9.942771625784689
9.951577121668757
9.95385968882951
9.963095168805973
9.972516033188995
9.975399580775392
9.985125415859933
9.994957183588035
9.998929632611654
9.991703933485931
9.981684277915392
9.97167626903859
9.961712331734601
9.951824600511696
9.944422158251513
9.934716190780573
9.925178300669947
9.915837039853292
9.906719448675423
9.901269421838672
9.892590032653887
9.887467444258286
9.88113857806443
9.876319910881508
9.871662387733862
9.867171721031502
9.862853117236472
9.8587112588001
9.857478591167714
9.853617206500868
9.849942196975176
9.846456282151259
9.845567183283814
9.842376601493024
9.841629462132003
9.838736752311044
9.83812960701744
9.835535209977836
9.835065071827081
9.83280420084945
9.832584668980974
9.831554606137303
9.831159387493837
9.830770143659386
9.830384826995978
9.82999902190465
9.829601019045565
9.8291573172533
9.828672354863757
9.828240847843713
9.82785952065915
9.827478100621207
9.827090458544115
9.826694860941403
9.827176373493014
9.826760554304194
9.826417356338382
9.825982797988008
9.825538955130781
9.825171034013302
9.824709406976645
9.824240120859102
9.823852788121732
9.823376654449143
9.822914103255624
9.822376706872305
9.821852322792012
9.821336359145153
9.82083157171539
9.819965411142112
9.819421811164906
9.81889770622709
9.8177029231918
9.816473211358671
9.815893698060723
9.814404884745587
9.812792546240175
9.809885252345065
9.806706463704389
9.803046338625999
9.796526145688762
9.787909937089063
9.780240994081367
9.771831265454198
9.762480684585437
9.755382786655248
9.747910617829062
9.74342919429311
9.735765947796073
9.735162572745145
9.734299206969073
9.73350914690656
9.732794247791146
9.7321549477746
9.731591544408367
9.731104211628988
9.730800024818242
9.730464297157472
9.730203380627586
9.730016413201238
9.729904727034596
9.75548790715817
9.773300466707331
9.785506903879925
9.797335942164212
9.803908186408632
9.810274657209519
9.814087415332752
9.820082376988864
9.823644685039476
9.822894109158796
9.823586771653325
9.822825458727475
9.824144164702536
9.823377931420943
9.822566349573602
9.823756958596709
9.823003205981239
9.82216242503371
9.82074996448803
9.820064102993346
9.820916701791793
9.820224956874789
9.819369549758388
9.818032855400478
9.817418638157248
9.816602435738329
9.8160418033606
9.814557611503314
9.81405360759837
9.813280388009249
9.813929272717646
9.812440963971001
9.811995144566845
9.811216455488847
9.80976670646461
9.809413839900166
9.808007211783721
9.807271300152768
9.805887328136025
9.80452291513472
9.803180835056084
9.799527115939716
9.799402858239834
9.799316395046839
9.799268654271994
9.79926072012803
9.79929392218777
9.799370135125974
9.799489023905027
9.79964887546347
9.799850236563424
9.800093923191689
9.800380923709755
9.800712298874716
9.801089132433415
9.801512497816516
9.801983433323512
9.802502922845695
9.803071880567092
9.803691138716191
9.804361437749975
9.805083418524749
9.805857616113379
9.806864507770495
9.808049329226625
9.809177016296148
9.810204152134382
9.811396511672312
9.812688198822709
9.813830628408553
9.815231185249068
9.81647805287144
9.81777665520159
9.819335526381428
9.820734889189337
9.822183712852418
9.823900722470885
9.825444962286806
9.827034913814943
9.828905845631375
9.830582526767442
9.832299889336497
9.834055884224489
9.836102359132536
9.837928493333276
9.839785268417524
9.841668875673598
9.843574099056443
9.845769768002135
9.84770818778249
9.849745934045615
9.851878399753563
9.854108590294885
9.856438196985698
9.858609915127984
9.861390208357502
9.863980512125396
9.866299259994724
9.869048875597716
9.871453478027853
9.873882999720959
9.876844827962113
9.879354425417329
9.882206010858727
9.885006053068677
9.897761039301681
9.909788896632314
9.92137767449248
9.93252929904786
9.943232744968984
9.949449676742525
9.959418766237269
9.977516871664086
9.992135042631148
9.997792593378087
9.986260873032673
9.978131885354264
9.972510569364902
9.96946597685433
9.964466447984952
9.9585777579941
9.953984545192299
9.948449583357554
9.944267784282541
9.94160748511376
9.937734211010644
9.935811263856651
9.93336457232382
9.930018182962462
9.929417160817794
9.926369295706992
9.925545238745459
9.923123779334926
9.922454747104844
9.92167976433369
9.919744645888244
9.919218337458553
9.918850672194955
9.917139289893278
9.916962115178213
9.916915379258688
9.915300863538162
9.91678536782378
9.915243354777758
9.915465234157267
9.915564937387032
9.914474510832541
9.915027266788893
9.915477678005827
9.914900408753978
9.915412014474196
9.915945930257296
9.915600508417041
9.916204377623512
9.91682902743377
9.91670600056543
9.917396388681148
9.918105866980596
9.918194231581301
9.918964668141962
9.919752159492205
9.920039420021165
9.920881863931111
9.921738559914902
9.922209377060401
9.923112575793354
9.924025696531798
9.924659350144767
9.925605808908628
9.9263541590252
9.927320304423022
9.928280423294007
9.929128693255795
9.93007462635806
9.930970224328476
9.931856011741283
9.934996381934614
9.94506378076369
9.950730502490693
9.955785069417441
9.960151930242466
9.961052076753955
9.961881366873147
9.962697591566638
9.963495813157685
9.964272295375192
9.96502428442917
9.965749796286067
9.966447453681454
9.96711635797361
9.967755987197203
9.968366114620773
9.968946743674989
9.969498056053398
9.970020370423017
9.970514109661243
9.970979774921224
9.97141792514254
9.971829160899619
9.972214111680906
9.972573425890781
9.972907763000915
9.9732177873998
9.973504163583115
9.97376755240277
9.974008608152044
9.974227976311278
9.974426291815616
9.97460417773543
9.97476224428295
9.974901088076702
9.97502129160944
9.975123422844849
9.975208035099158
9.975275666702291
9.975326841056557
9.975362066593481
9.975381836808245
9.97538663032796
9.97537691100462
9.975353128025194
9.97531571603282
9.975265095253992
9.975201671627566
9.9751258369321
9.975037968908447
9.974938431375083
9.974827574333899
9.974705734062452
9.974573233202783
9.974430380815662
9.974277472438015
9.974114790112957
9.973942602402929
9.973761164382989
9.973570717613363
9.97337149009054
9.973163696176396
9.972947536504936
9.972723197866584
9.972490853070074
9.972250660782363
9.972002765347272
9.971747296583967
9.971484369574606
9.97121408439706
9.970936525921429
9.970651763520241
9.970359850813514
9.970060825410021
9.96975470866295
9.969441505454414
9.969121204029156
9.968793775905993
9.968459175907658
9.968117342367044
9.967768197593498
9.9674116487203
9.967047589110612
9.966675900583247
9.966296456845383
9.965909128735902
9.965513792139005
9.965110340016878
9.964698700724464
9.964278866153295
9.96385093544569
9.963415183734455
9.962972171652083
9.962522922517799
9.96206921762212
9.961614132853958
9.961163355267962
9.960542418626964
9.959864280092813
9.95818657867394
9.957197633249438
9.955174189196864
9.953905274888847
9.950898182191034
9.950614109881228
9.95029736600171
9.949962209337729
9.949616976972285
9.949267190875947
9.94891668205917
9.948568155685633
9.948223525829343
9.947884131509397
9.94755088253853
9.947224360048722
9.946904885851957
9.946592569108235
9.946287335199322
9.945988938839207
9.945696960187988
9.945410777052198
9.94512948915764
9.94485160508652
9.944573588441138
9.944337450627831
9.944085821755879
9.943841772292139
9.943743222221801
9.943535222298372
9.943335171725158
9.943376897559629
9.943212748992856
9.943055459964384
9.943234443508066
9.943109933178972
9.942990011860113
9.943299237551274
9.94320651962761
9.943114962650705
9.943023014740824
9.943471190317027
9.94339525257248
9.943313801398762
9.943224650678092
9.943783092489467
9.943692553880249
9.943584935318299
9.943442537276438
9.944329180695256
9.944523995561575
9.94467743967689
9.944932739553192
9.946115751661539
9.94609666925668
9.946478083019084
9.946664320461595
9.946914078805566
9.948170471487781
9.94847229805513
9.949062226307884
9.949444857433893
9.94986648753226
9.949940655452663
9.9518267792827
9.952804950702319
9.95340216001922
9.954036855213728
9.954971339549964
9.955681247113501
9.95773216413591
9.959487885815806
9.960366014100998
9.961542430501671
9.963325787000125
9.96461223832868
9.965673764489088
9.967023893139924
9.970663710463812
9.973646426449491
9.974910895434704
9.97775503044345
9.98217647342677
9.983737226982454
9.985564555489628
9.991388152224403
9.993362534410384
9.998133730055173
9.998329533782485
9.996217298984652
9.991440964072439
9.987474747466804
9.985348825090691
9.980200686545464
9.977976953691254
9.975708281588568
9.970422191986316
9.96806056550046
9.967779653314711
9.962418241379824
9.959972523731949
9.95748299771967
9.954949232622926
9.949429889646877
9.949181495119406
9.94655302368083
9.943885355490945
9.940713655596433
9.938018757348464
9.937829315637748
9.937671089267017
9.934991869223275
9.9348879367485
9.934820106398112
9.93479504764201
9.93783742333802
9.938049134813165
9.938381935125726
9.939218145508798
9.93934842814176
9.945157929226466
9.945330919923954
9.951201581897287
9.949060440151875
9.95707972931423
9.963034265621237
9.965939896891664
9.969520085988226
9.975501672055131
9.981484471962212
9.98746400054322
9.995598610970172
9.998455286209426
9.990141078354673
9.981914135707102
9.973161338797178
9.96300156851012
9.949878024564281
9.93944385624274
9.92291979222867
9.91151760220485
9.904733644085846
9.892772031827022
9.881802653951373
9.872870051689
9.864553144991158
9.856872843078484
9.851679727223152
9.844555639610155
9.842205754261396
9.837560397781113
9.833516968180604
9.831481037360065
9.829955350634384
9.825974339320828
9.824689865300524
9.823028457492594
9.821935432367141
9.818409058600341
9.821366210974666
9.820517964291474
9.819198598491578
9.820232860710385
9.819640777070394
9.818529451553642
9.819700499813424
9.819272478027543
9.82242198407781
9.819661579492104
9.820821867379614
9.822680214805725
9.82387743187225
9.825334435576512
9.827111760014722
9.828368175383423
9.827585683533915
9.828876590506017
9.830192351634894
9.832822959716381
9.835802006139211
9.837584992186434
9.841004579075381
9.842012265158802
9.845518293695081
9.855072490250071
9.86965751177301
9.876159595687541
9.885664605302903
9.891039055953847
9.89710466276798
9.900505530451074
9.90705920387472
9.912958973242121
9.918577624959237
9.922880502992236
9.927756159990542
9.931695928609535
9.937752800216957
9.940733736689882
9.947061518763332
9.952195682955349
9.954559215585233
9.95832190014438
9.960874699999923
9.964513359891434
9.96470593965492
9.96736909660674
9.970821198795155
9.973400778540707
9.975953443575769
9.979174756763314
9.979366279954027
9.981820959419554
9.984247374085106
9.984968784194999
9.987319990368306
9.989640146934896
9.989775587949268
9.992054152831736
9.994298405956538
9.994415639077465
9.996612313214275
9.996717325915913
9.99886234627824
9.998951574017774
9.998959286057891
9.998889617551775
9.996860881768175
9.996815372170818
9.996775085899474
9.994826188169982
9.994803145888497
9.9929095526422
9.992900179199129
9.992889555777909
9.991059910319573
9.991057812720493
9.99105179385323
9.989278998403023
9.989276389406177
9.989267291369368
9.987544479281425
9.98753402978861
9.987514781176852
9.985835771755342
9.985811030532343
9.985775549651484
9.98572877591929
9.98409086956212
9.984034322655264
9.983965147263431
9.982360873916644
9.982279834182183
9.982185325749207
9.982077183344252
9.980505128420546
9.980383845028676
9.980248758344274
9.980099925316075
9.978559592929706
9.978398062889502
9.978223247283859
9.978035403218147
9.976529458275454
9.97633090558682
9.976120325472182
9.975898137834
9.975664796436002
9.974202263385592
9.973962403564768
9.973712877763427
9.973454237895336
9.97204079565737
9.971779859610487
9.971511490772006
9.971236275361111
9.970954797517024
9.969607381601298
9.969329133871286
9.969046252942283
9.96875926176742
9.967479626471118
9.967199733899871
9.96691703353059
9.966631892544875
9.966344621942072
9.96515061377008
9.964873349452361
9.964594385859519
9.964313716094228
9.964031226548254
9.962924577526046
9.962650890657704
9.962374165851324
9.962093700795915
9.961054530909138
9.960776667003946
9.960491544900993
9.960197471217613
9.959892406657096
9.958899346453677
9.958510698099829
9.958019225061864
9.957048423970015
9.955529201504199
9.955186832600306
9.954379466593172
9.953639331086567
9.95335536037111
9.952179759139403
9.951942910236284
9.951414007998162
9.951213434991347
9.950312341808123
9.949964588384859
9.949837952409682
9.949583084286743
9.948977774470935
9.948854259895176
9.948780001133718
9.948719651337717
9.948639792589011
9.94819976438771
9.948309870254622
9.94838339300475
9.948237387155938
9.947785683212459
9.947795980441276
9.947606497510113
9.947398768413557
9.947332837768668
9.94685599997053
9.946593260736432
9.946307585323131
9.9461393582954
9.945627277374827
9.945276883164686
9.94490576464301
9.944517950910779
9.944118134986732
9.943708783573507
9.943301190593942
9.942889125815723
9.9424725461684
9.942050695436556
9.941558103557316
9.941129870529522
9.940691571241189
9.94024103517675
9.939860594500278
9.93935975226902
9.938855075277544
9.938368546606375
9.93792122677975
9.93751665811646
9.937156831058205
9.936843239223258
9.936318537783125
9.936058334365446
9.935847601561372
9.935687070658098
9.93557734678658
9.935518920786402
9.935512177014802
9.935557398791886
9.935654772429025
9.93580439040818
9.935361572002176
9.935577364244084
9.935845842103738
9.936166788463495
9.936558821231817
9.936170187783446
9.936608604649923
9.937098719731797
9.937640008035384
9.937301627210594
9.937911542353955
9.938572503476449
9.938274600000451
9.939008063717834
9.938737647126215
9.939550433132343
9.939320017607761
9.94022529584277
9.940049736848412
9.941057905551338
9.940945152161515
9.942057977817356
9.94200856189423
9.941982471700982
9.94197915625734
9.943267396330551
9.94332237666086
9.943398328074455
9.943494751618326
9.943611178458845
9.94509170223085
9.945259775465514
9.94544630925681
9.945650889062765
9.945873105785775
9.94611255175372
9.946368817178818
9.946641487082694
9.946930138607055
9.947234338656415
9.947553641800521
9.946417408848093
9.946756191083901
9.947109037348524
9.947475441177966
9.947854872939594
9.948246776641575
9.94712823265501
9.947535905866195
9.947954583640751
9.948383527285607
9.947268545053307
9.947708944618913
9.948157561827019
9.948613210516154
9.94752791728688
9.94800073802801
9.94848026227355
9.947362714415714
9.947937382228556
9.948440453020984
9.948949150459965
9.9495966699095
9.948493738312301
9.94902419607104
9.949741100100862
9.950290742177327
9.951065938988593
9.951633416574397
9.950543714025796
9.95138912277328
9.95197374345903
9.952878044226784
9.955144057724318
9.956108327066952
9.956722285489981
9.957745257644682
9.958371028428363
9.961097684202155
9.96167246247737
9.96281280573735
9.963088595124342
9.963850353013942
9.964068863379332
9.966991994713792
9.967824015364418
9.967993567244807
9.97099918944078
9.971878384335588
9.973792127657052
9.97841685158802
9.981440386235976
9.985646280011977
9.98955142851583
9.99334896769761
9.997569805629853
9.999149407084051
9.996781728491483
9.989006771575491
9.985001183534463
9.979393494053404
9.97062359840054
9.961243089486393
9.952022399386632
9.938509109385699
9.921554128853714
9.895828020780495
9.89440768218736
9.893047039702827
9.891251030595608
9.890038289745945
9.888211137669154
9.88433876929135
9.881413290560154
9.88099165457954
9.880538139165884
9.880057660055027
9.879554315914667
9.879031644041522
9.87849277449744
9.87794053013901
9.877377495037209
9.87680606311094
9.876228473695452
9.875646838112814
9.875063159835928
9.874479349970427
9.873897239244537
9.873318587354024
9.872745090280935
9.872178386042215
9.871620059251402
9.871071644680681
9.87053463014184
9.870010458767823
9.869500530855758
9.869006205366343
9.868528801157696
9.868069598013616
9.86762983751137
9.867210723761616
9.866813424042642
9.866439069342178
9.866088754812548
9.865763540138476
9.865464449811682
9.865192473309838
9.864948565120498
9.864733644709958
9.864548596266655
9.86439426831825
9.864271473160725
9.864180986093773
9.86412354445195
9.86409984642456
9.86411054966135
9.864156269665523
9.864237577980129
9.864355000178293
9.864509013672034
9.864700045358045
9.864928469122077
9.8651946032209
9.865498707598944
9.865840981088612
9.866221558626417
9.866640508433676
9.867097829220054
9.867593447430227
9.868127214557557
9.868698904546777
9.869308211305409
9.869954746341227
9.870638036540328
9.871357522097606
9.872112554608282
9.872902395325964
9.873726213589118
9.874583085401035
9.875471992235953
9.876391819865146
9.877341357447426
9.878319296668995
9.879324230982649
9.880354654899014
9.88140896328722
9.882485450632815
9.883582310189707
9.915186601725662
9.934443592595285
9.946669628271065
9.958631684476448
9.967081494962702
9.970921554479688
9.973515802447675
9.976916838355383
9.97919933026446
9.981346603605248
9.983356389475462
9.985946147629164
9.987627757656787
9.989168262771765
9.990567146303594
9.99182433476535
9.992940251928301
9.993915791586517
9.995146574935731
9.995923532679125
9.997413417783273
9.99970273602402
9.999563532887167
9.999504499879308
9.999411868777441
9.999446837708534
9.999468625165129
9.999480127940215
9.999483816391047
9.99948180955548
9.999475934987306
9.999467776007023
9.999638028962538
9.999631977413047
9.999626872862123
9.999807494523804
9.999808493475982
9.99999701031173
9.999994842528896
9.999798999107876
9.999783447173009
9.999581616080228
9.999558961850234
9.999352987952683
9.999323917960675
9.999291035419262
9.999081390786417
9.999043178783523
9.999001211596806
9.998792317820719
9.99874641364668
9.998696979414047
9.99864400821503
9.998441303789267
9.998386195859384
9.998327902492042
9.998266471320761
9.998201965314529
9.99813446126851
9.998064048332186
9.997990826582315
9.99781259041021
9.997740201265433
9.997665414511685
9.997588338888429
9.997509088923357
9.997427784372244
9.997344549940872
9.997259515350233
9.997172815808838
9.997131574662005
9.997036086674353
9.996939503681656
9.996842015736863
9.996743830618392
9.996645180917755
9.996546335857373
9.996447624185995
