9.999183418424632
9.999164900710657
9.99917656563854
9.999157838017936
9.999138345226887
9.999118714997492
9.999098460167433
9.999077967096166
9.999089719907936
9.999068536398108
9.999047073582615
9.999024925649442
9.99900228953051
9.99897899643832
9.99899078569517
9.998967170483002
9.998943013012685
9.998918302509503
9.99889302783727
9.998867177557093
9.998879342617256
9.998852829507321
9.998825710600439
9.998797973433373
9.998769605284796
9.998740593174352
9.998710923860694
9.998722916932694
9.99869246014403
9.998661310978674
9.998629455165469
9.9985968781541
9.99856356510896
9.998575282132666
9.998541059480976
9.998506061030131
9.998470270805747
9.998433672522127
9.998396249575944
9.99835798503959
9.998368998403237
9.998329656286439
9.998289426671473
9.998248291308355
9.99820623158303
9.998163228507309
9.998119262707668
9.99812917623963
9.998083935268374
9.998037692389797
9.997990502485411
9.99794202434529
9.997892681975344
9.997842037858891
9.997850457531191
9.99779295653313
9.997739817433338
9.99768569481888
9.997630185036856
9.997573625826718
9.997515653017338
9.99745640735602
9.997462351363101
9.997401315457408
9.997338945004866
9.997275312450345
9.997210173132197
9.997143617001484
9.997075615329361
9.99700613843124
9.997008442578526
9.996936821878945
9.996863621922152
9.99678864951144
9.996712126849772
9.996633878503381
9.99655387746611
9.99647214632086
9.996388649666502
9.996385178792464
9.996298943537269
9.996210770980586
9.996120945420506
9.99602935603906
9.995935816851016
9.995840337295457
9.995742867706486
9.995643337168598
9.99563289482571
9.995530201322333
9.995425332664075
9.995318245121643
9.995208893901433
9.99509723334474
9.99498355305006
9.99486746919677
9.994748680668184
9.994627419417975
9.994503528349721
9.994480821758371
9.99435286597571
9.994222210346075
9.99408880026801
9.993952580039416
9.993813492837484
9.99367142205606
9.993526430695976
9.993378395329422
9.993227212218184
9.993072909353732
9.99303310404673
9.992873600497248
9.992710732360509
9.992544463822702
9.992374712401551
9.992201414047218
9.992024497578786
9.991843891114893
9.991659521496073
9.991471314233479
9.991279193476121
9.991083081982605
9.99101752332549
9.99081465563082
9.99060756849583
9.990396178921582
9.99018040239819
9.989960152878472
9.989735342744009
9.989505882753653
9.989271681914959
9.989032646861952
9.988788688016152
9.988539718596156
9.988285634945521
9.988026336170874
9.987761720831898
9.987491686182006
9.987375931274048
9.987096404198647
9.986811153175838
9.986520069468003
9.986223042627039
9.985919960456942
9.98561070901712
9.985295172629655
9.984973233904334
9.984644773746792
9.984309671375305
9.983967804337432
9.983619048528967
9.983263278215762
9.982900366058901
9.982530183143576
9.982152599012
9.981767481700688
9.981374697782387
9.980974112412987
9.980761444884743
9.980346767855208
9.979923890185352
9.97949267198768
9.979052972290086
9.978604649104373
9.978147559521052
9.977681559808126
9.977206505518014
9.976722251603036
9.976228652539866
9.975725562463381
9.975212835310339
9.974690324973345
9.974157885465521
9.973615371096384
9.973062636659357
9.972499537631386
9.971925930388302
9.971341672417513
9.970746622575543
9.970140641328326
9.969523591021488
9.96889533616244
9.968255743717776
9.967604683426444
9.966942028129058
9.966267654113784
9.965581441479108
9.96488327451386
9.964173042094783
9.963450638101904
9.962715961851927
9.961968918549818
9.961209419759992
9.960437383889552
9.959652736702385
9.958855411839183
9.958045351361728
9.957504055383025
9.95667086395249
9.955824834817873
9.95496594959009
9.954094201278208
9.953209594932881
9.952312148304044
9.951401892511916
9.950478872730084
9.9495431488794
9.94859479633121
9.947633906621556
9.94666058815507
9.945674966945516
9.944677187325484
9.943667412672145
9.9426458261269
9.941612631309605
9.940568053024565
9.939512337955406
9.938445755345652
9.93736859766181
9.936281181235513
9.935183846881232
9.93407696048586
9.93296091356644
9.931836123792168
9.930703035475146
9.929562119975797
9.92841387614403
9.92725883062571
9.926097538155151
9.924930581779977
9.923758573022898
9.922582151976748
9.921401987329372
9.92021877631514
9.91903324459013
9.91784614602834
9.916658262436641
9.915470403186575
9.914283404761546
9.913098130218442
9.911915468561412
9.91073633403867
9.909561665336815
9.908392424708207
9.907229597008378
9.906074188655932
9.904927226516723
9.903789756716323
9.902662843385487
9.90154756734388
9.90044502472798
9.899356325569443
9.898282592330704
9.89722495840479
9.89618456658642
9.895162567521417
9.894160118144871
9.893178380092396
9.892218518141947
9.891281698623628
9.890369087847757
9.88948185053363
9.888621148240214
9.88778813779456
9.886983969710755
9.886209786589129
9.88546672148217
9.884755896210331
9.884078419608032
9.883435385677547
9.882827871626823
9.882256935766566
9.888974686474052
9.890995354638504
9.892219358186553
9.894395612277387
9.895741371930267
9.897142067501466
9.897869227606828
9.8993885052161
9.900240621446077
9.901880394800772
9.902859762461734
9.904621387584147
9.90471284339546
9.905872380735293
9.907809678013567
9.909099795412383
9.90939407877101
9.911507575511484
9.912980442437838
9.913427014938431
9.915714978259762
9.917369213748861
9.917966615429187
9.91973554007513
9.922256764792753
9.923001358060567
9.924944427677286
9.925782156318995
9.927833615986385
9.929441667946058
9.931604090878846
9.933851031729073
9.935013679981042
9.937404636054065
9.938596421456573
9.941712575326056
9.942974787849248
9.94551316376525
9.946847102837493
9.949468616043275
9.950868982538461
9.953567544728458
9.955674888894327
9.958442742646033
9.959957181848658
9.962788752667812
9.964351516736869
9.967239767166504
9.968844337539078
9.972404233562095
9.97404188869367
9.977019247141234
9.978684741660338
9.98170124227913
9.991660236466219
9.999643984101802
9.993919048978219
9.989305623036142
9.983558042718318
9.97954338844402
9.975556868247745
9.972007799940203
9.968005581953857
9.96402952510863
9.95976876852771
9.955774868604735
9.954153178504857
9.950187096874668
9.9462400294234
9.94460881669067
9.940632736904185
9.93604783050236
9.934326026155126
9.930143293031943
9.928365961592277
9.924063730157174
9.919675414798048
9.917804232797982
9.912813500315421
9.910838518455751
9.908154554236443
9.905884457074007
9.901907474960746
9.898726305310465
9.895307032984883
9.893381230173134
9.89069873000955
9.889936876753495
9.888368437899167
9.889556067929732
9.888207884018119
9.886989420708254
9.885899815044944
9.884577268250084
9.883748464992268
9.88308064945388
9.882449929695067
9.881627736907324
9.881250685809407
9.880983699473441
9.880821399801743
9.877605899831666
9.877707937931778
9.875018396828926
9.87536928122151
9.873428236231168
9.873786059469742
9.87233081558589
9.871016497093589
9.871972766998095
9.87117606380121
9.870887000869338
9.870810524912626
9.87121689806591
9.87273831388411
9.87358325600398
9.874861766127376
9.87646623004056
9.8784674885211
9.880774220576452
9.883104265823121
9.885486932451377
9.887961537760043
9.890562528420704
9.893325418903187
9.896289550309818
9.899500659969402
9.903013971222347
9.906897987481699
9.911236963937991
9.91611502756413
9.921482606639671
9.926824499826033
9.931578687490612
9.935731480823351
9.939434802754747
9.942809736897772
9.945939453764051
9.948882078938015
9.951679773509653
9.954364184640312
9.95695974433384
9.959485740750038
9.961957671671161
9.964388162240098
9.96678760812793
9.969164639514862
9.971526464492603
9.973879128929283
9.976227717011671
9.978576508665283
9.980929104965163
9.983288529325252
9.985657310033675
9.988037548188021
9.990430974034396
9.99283899397278
9.995262729960046
9.997703052655844
9.99983939062805
9.99736415233222
9.994870964686864
9.992359722902833
9.989830470932478
9.987283389494975
9.984718785997725
9.982137086076087
9.979538826508197
9.976924649295416
9.974295296727863
9.971651607279135
9.968994512195847
9.9663250326665
9.963644277470594
9.960953441023527
9.958253801745574
9.955546720690426
9.952833640405757
9.95011608392483
9.947395653930792
9.94467403200558
9.941952977960739
9.939234329223952
9.936520000260934
9.933811982013633
9.931112341335842
9.92842322040654
9.925746836099789
9.923085479287515
9.920441514048411
9.917817376752353
9.915215574985192
9.91263868627353
9.910089356564868
9.907570298408144
9.905084288780015
9.90263416648823
9.900222829079933
9.897853229173228
9.89552837012177
9.893251300912508
9.891025110186112
9.888852919257566
9.886737874000426
9.88468313544159
9.882691868893128
9.88076723142222
9.878912357427708
9.87713034205912
9.875424222089768
9.873796953986004
9.872251388470893
9.870790241087011
9.869416057868683
9.868131175044288
9.866937671320924
9.865837310803627
9.864831473898892
9.86392107255716
9.863106444785547
9.86238722130061
9.861762154156962
9.861228892624124
9.860783684509688
9.86042096967979
9.860132812854873
9.859908085941655
9.859731232992893
9.859580262138397
9.85942303943755
9.859208729010884
9.870683486228758
9.879253990761525
9.886646247311877
9.891102492322872
9.89610803824071
9.901662787762147
9.90801148329782
9.909350002999775
9.910120952249606
9.910627202226362
9.910872061847536
9.91086092887081
9.910602921423383
9.909231848355793
9.907571384725259
9.9059511221867
9.903993655081171
9.901707329134513
9.899917369574625
9.897091004108297
9.894893779025967
9.891573708720594
9.88902215803442
9.885260161983924
9.882412185149786
9.878265376074365
9.875183794712628
9.872024495911784
9.867466958213205
9.864178109087518
9.860867360747585
9.856057656132705
9.852731724142027
9.849444634972674
9.846217885096204
9.841378393838829
9.83830400467948
9.835356493031544
9.832549625683411
9.828066127278039
9.825618292144393
9.82338681569917
9.821395952924426
9.817550057357087
9.81607417420748
9.81491123434868
9.814084634914812
9.813616865855888
9.813529199419706
9.812037568913173
9.812782761956157
9.813954603653269
9.814426018015958
9.839573914810536
9.860725417195443
9.883178883434706
9.904300643324857
9.94558007979096
9.963612475558108
9.980429004387615
9.993016705680779
9.992527081425258
9.97916629148666
9.966860238770028
9.955568429058982
9.94347912999232
9.934019230808136
9.928911725824161
9.907419257482907
9.90108501698233
9.89552293083963
9.890697888712854
9.886576082860238
9.875782833096228
9.870905279667264
9.86910563552297
9.858286853834798
9.858017186645334
9.849763633569111
9.843071185029755
9.842151123820134
9.838511512292623
9.830811663458226
9.82615693568404
9.802139409161986
9.811281153373034
9.819843559215789
9.832594021920713
9.84026071190065
9.847514460643024
9.854385184100623
9.860897174185714
9.867070483822598
9.877992009863458
9.883593407379959
9.888898648920337
9.89391743533731
9.898657803063864
9.903126368181372
9.912775582692033
9.91677407808228
9.920514391546082
9.923999575278298
9.927232329831435
9.930215247633276
9.938768363326108
9.941318313543013
9.943628488415092
9.945704074246626
9.947551852407553
9.955301162275292
9.956779493092547
9.958064427238945
9.959173341044602
9.960126190771975
9.9673547177421
9.968387297157413
9.969395940086361
9.970445222112684
9.9782105376592
9.98772344178428
9.989283105828937
9.990977638908735
9.999668817946985
9.997696750830144
9.999461722979136
9.996480322897174
9.985556526967255
9.98931102400769
9.993789170653415
9.991784068799173
9.997624302014906
9.995856360931217
9.99779672730316
9.971725786189252
9.94273206744384
9.853057016430693
9.860783101636391
9.86489080180836
9.872303781195745
9.882161239173588
9.88902076965957
9.888558693199867
9.916388635519382
9.922511780928447
9.937826538326295
9.958894655459002
9.977892579924413
9.994175220349309
9.96519760665145
9.934124818824703
9.922799362952611
9.87147977040816
9.838707920253793
9.791628740523139
9.70087233659887
9.669148635577766
9.636787274783607
9.590602005503976
9.504609393025179
9.496453851510942
9.488571327234045
9.477238479781786
9.465626160285607
9.455085548627414
9.44400587947872
9.432366419755658
9.420147950192792
9.39260009708746
9.37904451413942
9.364859683331312
9.350032256555755
9.319547982130247
9.309765579370575
9.278278681299653
9.26098245923325
9.24299162349311
9.209114603933326
9.174498625429049
9.139132452588676
9.11782877558011
9.055577959995667
9.00605525957196
8.91392306072152
8.846981444993435
8.832467550771012
8.81748973904749
8.809339725831364
8.79447982090243
8.779566402645997
8.772296332679293
8.757563175476596
8.742803658695909
8.728027773741879
8.722015698673095
8.7075015667033
8.693003913736185
8.678535508364504
8.664110011165755
8.64974202973495
8.635447166909337
8.631905299823885
8.61806579338927
8.60435111870007
8.590781142677189
8.565689812698428
8.552221065851718
8.538964767606528
8.525945111454417
8.513187263884587
8.50071730317074
8.475513667659119
8.349950399224113
8.279217786562043
8.248339707461492
8.22784200023834
8.22103661878846
8.20049335934163
8.179964328696965
8.159501552568077
8.139157795215992
8.118987031428585
8.085132285831884
8.06550364253106
8.01922671256819
7.974640877795419
7.908544699138503
7.794082348020042
7.687359544760324
7.680459946228073
7.673246677804341
7.665840254449712
7.658312080743233
7.650715312499211
7.643093585044626
7.635484771762232
7.627922887399166
7.620439142177471
7.613062558997475
7.605820348273573
7.598738142009199
7.591840143932469
7.585149228946041
7.578687011864598
7.572473897547485
7.566529119724872
7.560870772832693
7.555515839324914
7.550480213808079
7.545778724682057
7.541425153609916
7.537432252941136
7.533811761160405
7.530574416399696
7.527729968080679
7.525287186781533
7.523253872455367
7.521636861156589
7.520442030454051
7.519674303725683
7.519337653537556
7.519435104313001
7.51996873449419
7.520939678391261
7.5223481279035385
7.524193334682385
7.526473610497824
7.52918633193563
7.5323279415583935
7.535893951628223
7.539878948077576
7.544276595195079
7.549079641075467
7.554279923864716
7.559868378814261
7.565835046141185
7.572169079674895
7.578858756254956
7.585891485829565
7.593253822189752
7.600931474260797
7.608909317847438
7.617171407807537
7.625700990353281
7.6344805156191695
7.643491650189878
7.65271528955497
7.66213157038556
7.671719882574011
7.681458881035552
7.691326497365802
7.701299951600227
7.711355764561393
7.72146977165419
7.763595976155503
7.899348091211943
7.969298715762399
8.02579183125909
8.06266555498576
8.098623494947137
8.133666189677603
8.1677980448503
8.201028058556393
8.225835239815812
8.258059739250012
8.261613660252047
8.292593512018652
8.322790163403639
8.325657221789815
8.354827711407061
8.357556607267801
8.381531522767197
8.348527415574722
8.369368267904076
8.420708518001824
8.556806210421238
8.620940990027345
8.69445474017984
8.72629324390852
8.776639205164358
8.832684767827352
8.864515511329298
8.896254822454235
8.940577251820704
8.97252086813405
8.985032336625832
9.005320549866953
9.062568875033602
9.083469497967688
9.115490820852083
9.117223672019835
9.175366216205354
9.197262241255046
9.209706818966566
9.231988293532732
9.254558260624323
9.267093297888884
9.290039409632321
9.320673047748665
9.353252780384697
9.376970213384912
9.38107765913003
9.40526503973624
9.418305246803861
9.442848915713016
9.467653118232192
9.472811120032581
9.505944334976947
9.511464064706836
9.537053537363517
9.562887458281576
9.569052963990545
9.602534334039865
9.609039163695915
9.635612560141976
9.642550241924262
9.669532734271199
9.696741434833832
9.710759537034946
9.708615972781631
9.742157783852733
9.754095116444221
9.779726575433424
9.805268632962324
9.810805926960386
9.836257301358899
9.861690062351254
9.91418426686667
9.929555126730255
9.943475912596409
9.954105274898776
9.964602872833778
9.974955765757274
9.980781310494972
9.990775457465608
9.99808606367175
9.996582006692087
9.987085976726807
9.98445121940879
9.975319332416472
9.970821108065469
9.968561165322434
9.956181788201116
9.954311659180304
9.950748104308694
9.944885451669274
9.941794361062481
9.94057240777999
9.933691723433675
9.932823001113793
9.9321050610787
9.925923476275804
9.925537012092615
9.924000097381715
9.923889102462299
9.919769343960999
9.918764870910294
9.919014075371198
9.919354083240345
9.918787273434692
9.915087897810622
9.910842288525686
9.915180892916926
9.913462109733848
9.910793319561082
9.91251788953143
9.91021637645112
9.914643149602401
9.912003545449718
9.91651115661192
9.920678975114978
9.920296985328008
9.923912324714063
9.92727461055644
9.93007579387831
9.93913805576528
9.940749026469453
9.949018728768781
9.95295808230567
9.960333825534459
9.96732371396867
9.978570126704888
9.989141372619908
9.993054017453192
9.974486650173464
9.947614330553495
9.949104725944256
9.950650844453147
9.952248895955654
9.953895293356474
9.958989693180058
9.960711922403584
9.962504054252507
9.964347378600127
9.966066825331959
9.967758878811537
9.969462828099887
9.971177758994521
9.972899376001775
9.974623423712814
9.976345806481579
9.978062578304865
9.97976994931889
9.981464299810899
9.983142197293587
9.984800415725957
9.986435956447318
9.988046070651764
9.989628283299536
9.99118041841707
9.992700625785638
9.994187409066456
9.995639655462853
9.997056667082308
9.99843819423827
9.999784471030008
9.998903746332052
9.997625137850882
9.996377773634475
9.995159062675205
9.99396569416489
9.99279356952938
9.991637721636788
9.990492216308379
9.989350028689499
9.988202882706874
9.987041033961832
9.985852960883532
9.984624894945227
9.983340034331983
9.981977015132324
9.980506838114556
9.978790770851427
9.977396946432181
9.97554248952411
9.974893919029086
9.972919371673182
9.972974268719872
9.970833155281255
9.971540539810608
9.969188821669029
9.97049949475164
9.972347123416016
9.969766493366214
9.972148752210021
9.972174568065292
9.972818380241304
9.971295361529931
9.973230508730026
9.96798269873436
9.970643963894748
9.973919165450729
9.977805314293944
9.982298934324344
9.987396092031348
9.99309241475388
9.999383098715104
9.993737093345805
9.987404393183896
9.981451562961206
9.973929018421085
9.96584210594593
9.957199349849892
9.946779672066256
9.936902992903132
9.94091191324516
9.930668581211618
9.919014660650781
9.907202659430878
9.911415470881312
9.898770375948558
9.88670154598012
9.890270953620579
9.878371083836884
9.865428883132854
9.870584372004425
9.857902881716093
9.860661679348075
9.859087938689505
9.864066677351534
9.881213640733485
9.867997612096822
9.883427236693812
9.897821598887624
9.902407898051633
9.918070541635771
9.922853605526559
9.937268040366657
9.952158355978852
9.965796831823452
9.97052719101923
9.984615501242828
9.997435843104844
9.990139259307213
9.97797311141203
9.96541580177675
9.95411022250486
9.942746969275888
9.930568442411033
9.92013007058801
9.90917024245234
9.89824476440912
9.881589863528133
9.86661017000418
9.850297722095833
9.825061710921513
9.819455873584685
9.814783096125838
9.810155663321483
9.805582154299366
9.801070815022845
9.795716537668376
9.791358306819792
9.787084920319753
9.782903363358278
9.778820324836456
9.773952218237609
9.770088681108554
9.766341979925652
9.762718112447745
9.759222022630608
9.755858452309562
9.751748633756153
9.748667186930414
9.745731109083954
9.742944047727088
9.740309326963043
9.737829945000536
9.734632850469565
9.732475444130822
9.730480385482062
9.728649351611466
9.726983687420441
9.725484406033322
9.724152189851093
9.722124021728526
9.72113031061626
9.7203037384588
9.71964368866397
9.71914922910812
9.718819117113222
9.71865180488696
9.718645444679675
9.718797892110118
9.718264127391551
9.718730253104521
9.719347145632103
9.720111952792609
9.721021665072607
9.722070375011793
9.723238755513668
9.724505919350843
9.72595942142516
9.727611245075359
9.729416300663608
9.73133879026708
9.733363810725141
9.73548687156637
9.737703209529881
9.740006636099851
9.742390202336725
9.744846480800613
9.747367550354259
9.749944890857417
9.752569248386477
9.755230461941554
9.757917223537586
9.76061672907223
9.763314144907527
9.765991739227708
9.768627332424732
9.771191105536754
9.773637035266686
9.775892847790043
9.77873465764395
9.781648202479515
9.78484692833664
9.788335601549056
9.792112000313242
9.794365267472957
9.79844051624616
9.800590668612537
9.804941174469485
9.806972851233127
9.80887170003774
9.813463285586987
9.81522273186132
9.816843146723057
9.818323827556778
9.819664917775079
9.81743386812053
9.819217225058882
9.82042717130778
9.821515003839261
9.822513141834609
9.823432054254829
9.82428152369646
9.825070876205407
9.825809109591713
9.826504992496863
9.827167141257199
9.827804079429617
9.828424283401887
9.829036216493245
9.829648350477886
9.83026857830897
9.830834885268478
9.831563612781856
9.84037932863983
9.841300551588935
9.849799697507562
9.858052477738354
9.858932059077055
9.866908173584081
9.867822367799949
9.875543840045749
9.876510056374876
9.88399532765763
9.885027426903589
9.892291107750108
9.89339926766941
9.900452012028788
9.901642702011173
9.908491195847423
9.90976724858842
9.916414300750047
9.917775065697876
9.924219786289763
9.925661347363064
9.931899396329095
9.937939456695604
9.93943871775717
9.94525994145674
9.946817774542406
9.952408409705043
9.95401156152463
9.959357399850138
9.960990308103717
9.966074605066133
9.970928937915307
9.972521010645574
9.977078838445621
9.978646338205948
9.983031599985686
9.987058855933913
9.988861477886621
9.993023354860025
9.996548596791703
9.998566503365808
9.997544174323675
9.993785960090133
9.991017411613308
9.988800102359042
9.985407644942615
9.982192845698757
9.98021578823951
9.97733163463842
9.974591075277639
9.971498584352181
9.967601905336837
9.964903797274257
9.962073707670244
9.9575375980436
9.95277008281927
9.945959169625548
9.936716045066142
9.924519541728722
9.913728770859207
9.904899305987115
9.895728491346503
9.889052075156187
9.885114086463107
9.878276775716754
9.874294590262803
9.867310063119774
9.863290056069102
9.858782957393142
9.856322387797743
9.855293669853427
9.854286990772035
9.85330968948119
9.852364221973806
9.85145205150271
9.85057438817585
9.84973225880343
9.848926520647602
9.848157872028514
9.84742686363522
9.846733911288734
9.846079310880482
9.84546325642373
9.844885862415843
9.844347192138516
9.843491897478495
9.843034507798956
9.842616127872834
9.842237102674325
9.841898049300726
9.84159998201082
9.841344461637714
9.841133762099894
9.840971034119189
9.840860427678308
9.840807114278942
9.840817139651358
9.840897055991626
9.841053342439846
9.841291710251422
9.841616452739455
9.841733446578711
9.84223963734307
9.842833433197935
9.84351157246441
9.844269426459066
9.84510132774766
9.846000842773252
9.846960133938845
9.84792943147094
9.852380010944712
9.857006768681924
9.861655341875185
9.866316325749956
9.870986097253269
9.875414555756397
9.87653719783475
9.881199999563853
9.882306971475591
9.886938427383898
9.888010679352032
9.89259537096103
9.89361400589711
9.898136337879729
9.899081964595716
9.899991532886045
9.900858664324307
9.905180282082313
9.905725851514939
9.906411776803957
9.909677044360107
9.913234951703195
9.918230216796992
9.920926325120345
9.924191212007333
9.928115827737004
9.931792204481884
9.934078788649847
9.93773364683994
9.940236799179658
9.941956050001767
9.93827098487204
9.940089236934156
9.93995481241887
9.941986944212097
9.94192218467486
9.940761614307014
9.940747144395436
9.943146316417659
9.939846122572316
9.939747610845682
9.939057505289707
9.939134894338546
9.935723818653724
9.93221423104396
9.932182655118085
9.931290888701973
9.927550004642216
9.923710415825557
9.919674645042374
9.915642806862191
9.908724800166087
9.900789099410245
9.894247012281491
9.880905584155453
9.855932032197547
9.853047116629128
9.848593053593591
9.843736783573627
9.840537518229608
9.837253222546146
9.832095730522209
9.823548467787939
9.805588239787408
9.774049439242594
9.768166915193323
9.765601246862671
9.763014440921326
9.75717873692576
9.754723437415848
9.748889019061917
9.746510360792849
9.740804766976591
9.735068529583042
9.73281472226632
9.727242310257882
9.721640841251126
9.716219342650636
9.710852093446348
9.70535998813555
9.703124899262129
9.701148657092505
9.699238812531338
9.697231021348516
9.695451721090455
9.69374087993381
9.692099400840558
9.690340510741315
9.688836547609885
9.687402646686024
9.702923534699844
9.738736716579469
9.760412815298372
9.776378794036152
9.791813437794278
9.80194602372253
9.814512220588263
9.82413691694308
9.833288884579625
9.842384860335681
9.851170824568316
9.857151500050376
9.862785979431921
9.868176104204208
9.875542686327867
9.880522977670465
9.882640991543717
9.886986005992695
9.890922752213923
9.894375467928326
9.895142253287522
9.89316352429306
9.891670897227437
9.890325818847371
9.889020839413643
9.886598802541032
9.885356211584789
9.883991185635582
9.882052451791077
9.88058881598146
9.878992021836055
9.87719783571376
9.875523087276317
9.873983558174533
9.872586046871016
9.87131472483829
9.87015891135074
9.869110322212967
9.868162131090529
9.86730851970912
9.866544421857608
9.865865361505143
9.865267342639514
9.864746770137856
9.864300390304576
9.863925244592242
9.863618632422464
9.863378080506662
9.863201316934273
9.863086248847054
9.863030942878066
9.863033607775314
9.863092578795635
9.863206303569564
9.863373329219172
9.863592290568484
9.863861899327263
9.864180934123047
9.86454823152607
9.864962677482156
9.865423199824509
9.865928761302214
9.866478353320879
9.867070990351886
9.867705704999965
9.868381543628848
9.869097561869198
9.86985281631976
9.870646334355415
9.871476978228607
9.872342830905737
9.873265563594288
9.87420038327869
9.875192064263995
9.876193932006172
9.87722849879178
9.878295353224388
9.879394439428834
9.880526253635614
9.881692194100767
9.882895159087848
9.884140593072054
9.885438395064444
9.88680665817596
9.88828028124357
9.886188522145801
9.885422027467728
9.884902801557821
9.883914635612136
9.883808571008169
9.884685547811676
9.886091010339419
9.887618521798755
9.889262600417403
9.891016428889198
9.89287257323862
9.8948235376545
9.896862011513498
9.91150751609925
9.940798288619106
9.961443518595507
9.971102107876138
9.985562210074633
9.999756045109047
9.991125149048585
9.982104462974576
9.973300543148367
9.963971359228946
9.960866485078379
9.957845900975276
9.954796198825003
9.951716926013553
9.948613696457187
9.9454918166679
9.942356200067085
9.939211457878729
9.936061963330081
9.932911895590493
9.929765270793853
9.926625964456939
9.923497727908817
9.92038420042191
9.91728891801835
9.914215320063647
9.911166753739673
9.908146477146891
9.905157661207806
9.902203390637212
9.899286664175103
9.896410394244679
9.893577406173641
9.89079043709901
9.888052134662068
9.885365055589197
9.882731664245581
9.880154331240956
9.877635332159429
9.875176846476574
9.872780956732143
9.870449647981456
9.86818480760322
9.865988225468598
9.863861594504783
9.861806511662289
9.859824479285097
9.85791690687008
9.856085113188756
9.854330328730606
9.852653698413267
9.85105628449096
9.849539069579075
9.848102959699824
9.84674878724196
9.845477313711601
9.844289232173223
9.843185169175957
9.842165686105911
9.841231279744825
9.840382381894852
9.839619357888983
9.838942503796925
9.838352042119933
9.837848115766553
9.837430780441853
9.837100001808924
9.83685576747922
9.836700119812038
9.836671040979901
9.83710497964929
9.834889433916228
9.835068031323429
9.835326183179804
9.835673611593693
9.833655151310328
9.834179687254371
9.834787882742269
9.835476473080051
9.833819785015937
9.834659771204562
9.835565556183509
9.836530110408148
9.837544994150933
9.836221045488674
9.88493165667802
9.919921187936058
9.930795252204705
9.933705628741015
9.936463498093977
9.936471981922288
9.935843209007828
9.933056011076534
9.932659511597338
9.932340440393357
9.932080548239226
9.931865409445898
9.929459018304298
9.929307889087367
9.929173997835845
9.929051747009884
9.926770572931373
9.926666463942677
9.926563876751372
9.926460993947316
9.926356551356138
9.92415255669249
9.924050302945545
9.923945098149048
9.923836998538155
9.92169394669984
9.921588658074786
9.921481562679816
9.921373178264046
9.921264059936462
9.919197717664915
9.919096972899137
9.918997215988979
9.91889896265146
9.916914763825435
9.916829260977483
9.916746538110528
9.916666882817903
9.916590507794966
9.91470855844687
9.914647651617903
9.9145901904764
9.914536044017554
9.91274726996197
9.912707704272439
9.912670507688588
9.91263516106337
9.912601043632264
9.910910073098197
9.910884954331458
9.910858593824667
9.910829947845404
9.910797861014554
9.90918402050852
9.909149981004028
9.909108336971785
9.909057304595887
9.90898900835532
9.907951881972636
9.908579165257805
9.912837013530115
9.913307448077221
9.913775049470367
9.912819643071147
9.913285603578911
9.91374407358062
9.914193700687878
9.91460533024219
9.914969979510094
9.91384292493266
9.914084201777843
9.914436396898077
9.91459313862141
9.91250640260225
9.91263479282799
9.912696023585667
9.909887456195039
9.909930755035226
9.908293836984647
9.908604347788252
9.907146783540687
9.906204933030123
9.905053745797439
9.904430209597733
9.903548283057258
9.903201163364063
9.902542504733486
9.901122856033215
9.901244413874615
9.900811938046376
9.90070441123352
9.900482804628169
9.899664564465473
9.899234719178722
9.898706971034038
9.898082421146178
9.896839838938435
9.896020455677437
9.895106451234195
9.894099987292948
9.893004159011557
9.891272610644705
9.891124095961963
9.891251720649137
9.892033743431835
9.894950803931833
9.895401984228693
9.89666947969201
9.897666139995728
9.900056967161417
9.901885611300452
9.903960681191517
9.907408424259108
9.910049951796601
9.910366718106236
9.914263268157972
9.919001688393607
9.92286489122751
9.926694529381594
9.92782076817516
9.932143866107163
9.936759126490614
9.94152876312129
9.945284265622579
9.950395142642986
9.95673269928156
9.958752192712884
9.964664861822381
9.970492959303286
9.973169291005
9.97930265142013
9.98587228751855
9.988810889237744
9.99546202479898
9.997648172422243
9.993855720839065
9.986039958868098
9.9788276149728
9.975455231461828
9.968071799406257
9.964577543472986
9.956983398125562
9.94939482483927
9.945761086419125
9.94141513192455
9.937555313863058
9.929767144586002
9.929266252032129
9.92110017063486
9.920574927484191
9.916738456183033
9.912658061121654
9.911656441086258
9.911527326686102
9.911145040739584
9.910797970770327
9.909984314986733
9.90966815823964
9.909389110729146
9.91279722565125
9.911595687357536
9.914679305217867
9.914776558541424
9.921454459556545
9.923557209485153
9.92658201399591
9.933011421886805
9.936124202540533
9.94102893736119
9.943802339811823
9.950065763649595
9.955509184896338
9.96159061633962
9.962414297636032
9.970544862664568
9.972946010398768
9.978150087837271
9.982874019823546
9.987700590763051
9.987650189581483
9.99476939291078
9.996227977332738
9.99719100861826
9.995983417324526
9.991849836879235
9.99083934662326
9.987220126384988
9.986501861273304
9.983062508185851
9.98254369227709
9.979451105159669
9.978822753998701
9.976292538894763
9.975853842556834
9.973346533982802
9.973081135558704
9.975221798031512
9.97273111825057
9.97269050507973
9.972655172559794
9.974218479315315
9.975625608035246
9.975231767849007
9.976495369759933
9.977648442499135
9.977078866919442
9.97807569261295
9.977488404807996
9.978347112703451
9.97911999193208
9.978415527020186
9.979072601418865
9.979654653813755
9.978926680292021
9.97940914330572
9.978625448676908
9.979016540128828
9.979346001528608
9.978555396691979
9.977771586446227
9.977966751974693
9.977168543100586
9.976377116798046
9.976512182375751
9.975708248544073
9.974881283279409
9.973258225503239
9.972510334647945
9.971007989625901
9.96960122253751
9.968940976127103
9.96770936656109
9.96661338262005
9.96566961947405
9.96489421082151
9.964571941806776
9.964075906371097
9.963908081351509
9.963708297941844
9.963630383098042
9.959585449458618
9.95927950805339
9.95888278820473
9.958395312272451
9.95812032480415
9.957882716157831
9.957779928000459
9.957439375564942
9.95673301608458
9.956395136585531
9.955638464188572
9.954850546686886
9.949822201510964
9.949451920579815
9.94856594158472
9.947651068729481
9.94670720473706
9.945734175601407
9.944731723872376
9.94302288887933
9.94192759476146
9.936329191353334
9.935246185459091
9.934775019336602
9.933040359025373
9.932004823694664
9.930951615549082
9.928937575947787
9.927809946569038
9.925644230559227
9.924435956492992
9.922106599897743
9.919671360673357
9.918320802226155
9.915248657539827
9.911517037383234
9.907663185794867
9.902310106051099
9.896592425569912
9.886169875965031
9.872151006832686
9.870283344174467
9.868446752936077
9.866641816318957
9.864869194909204
9.863129615741865
9.861423861735494
9.859752761478338
9.858117179332874
9.856518005817472
9.854956148249459
9.853432521429827
9.85194803876164
9.85050360318007
9.849100098292562
9.847738379522271
9.846419265256262
9.845143527976482
9.84391188535741
9.842724991320598
9.843837204177104
9.847667849778968
9.850725770340414
9.854189053813805
9.858064747440183
9.86235659662058
9.865276925551944
9.868430885483557
9.873753508324143
9.877438396426099
9.881342960785775
9.883308447505145
9.88756234448543
9.89201264210309
9.896648097361608
9.901456020866092
9.903990620672376
9.909050217641475
9.914240584290447
9.919543883464408
9.927540304988272
9.933038995783265
9.943938182403384
9.992235695494532
9.992615652187249
9.992981788691699
9.993334701452367
9.993674814795083
9.994002492690333
9.994318028553034
9.99462163574116
9.9949134390824
9.995193467333667
9.995461646485062
9.995717793829062
9.995961612727358
9.996192688022182
9.99641048205676
9.996614331280698
9.996803443515548
9.996976895767588
9.997133632881312
9.997272467004573
9.997392078113666
9.99749101583729
9.997567702903202
9.99762044061305
9.997647416834454
9.997646717074437
9.997616339245255
9.997554212720388
9.997458222155629
9.997326236248046
9.997156141036228
9.996945876398431
9.996693473191941
9.996397086352832
9.996055018057877
9.995665722725908
9.961453092463364
9.9403347818533
9.93398225464428
9.927838279120323
9.921954189585302
9.918434004071726
9.915095524848418
9.910008652901789
9.907132762679328
9.904473458176788
9.900366337475576
9.896588978812385
9.892875494779664
9.88758971050767
9.876664482829726
9.877250213901359
9.877802626872104
9.878331372781627
9.878844922470966
9.87935082680388
9.879855877932371
9.880368402805432
9.882109372066585
9.887365123661066
9.891884478732583
9.900264777040542
9.904501153394685
9.912340399118566
9.916295406014923
9.920157958901818
9.927255475300273
9.930835666836042
9.937374547977969
9.940672471155459
9.94665166483285
9.952263761068947
9.955092258207776
9.960153020028873
9.962708370775196
9.96722909797615
9.969518530206248
9.973514820479735
9.975547255336885
9.97903849309462
9.980824177645486
9.983832788972789
9.985382779662611
9.987933274558138
9.989258785369737
9.990515721182284
9.992488310637766
9.993533966757408
9.995317966099883
9.996553593053898
9.99822453009397
9.999358074657186
9.999760286123184
9.998935662210036
9.998082188623878
9.997283032890905
9.996268443183974
9.995574636865271
9.995125516514122
9.99434508914186
9.99376555628244
9.992898952758583
9.991838517828374
9.990743148937128
9.98994445621028
9.988675600755583
9.987370601406699
9.985382509193624
9.983706937585348
9.980325858205235
9.979639283543252
9.978939598429857
9.978226209232748
9.977498401526141
9.976755340984685
9.975996081465224
9.975219586295413
9.974424774700543
9.973610615272374
9.972776304039675
9.971921583354883
9.971047258336394
9.968616862864621
9.964486573186138
9.96177620629352
9.960843519845938
9.960027270655061
9.959260239765458
9.958542722937638
9.957872955130075
9.957248143359713
9.956665139692108
9.95612080319319
9.955612168568845
9.955136510899228
9.954691359125633
9.954274486150005
9.953883889448505
9.953517768811167
9.95317450415699
9.952852634588446
9.952550839017135
9.952267918339182
9.952002779021647
9.951754417961281
9.951521908500014
9.951304387556629
9.951101043843856
9.950911107175576
9.950733838861638
9.950568523170386
9.950414459809164
9.95027095733817
9.95013732739765
9.950012879596287
9.949896916880297
9.949788731177696
9.949687599087394
9.949592777354091
9.94950349783311
9.949418961587575
9.949338331701473
9.94926072423556
9.949185196611458
9.949110732421044
9.949036221271207
9.948960431690121
9.94888197427803
9.948799251136467
9.948710386325665
9.948613131826788
9.948504749376783
9.948381902088796
9.94824073925145
9.948077954375735
9.947894561632182
9.946975771912403
9.94636051646287
9.945812545427726
9.94584145856946
9.945915708523094
9.946030101530098
9.946179838579358
9.946360708062164
9.946569018236334
9.946801494101626
9.947055188508825
9.947327414090106
9.94761569298523
9.947917720126853
9.948231336520218
9.948554509859438
9.948885320466335
9.949221951371808
9.949562681267292
9.949905879810238
9.950250004671004
9.950593599943204
9.95093529562513
9.951273807951855
9.95160794041109
9.951936585315332
9.952258725832756
9.95257343840192
9.952879895472558
9.953177368528028
9.953465231354983
9.953742963531921
9.954010154124921
9.954266505549377
9.95451183761441
9.954746091711137
9.954969335137925
9.95518176554045
9.955383715439183
9.955575656807522
9.955758205653161
9.955932126547225
9.956098337047749
9.956257911990354
9.95641208768998
9.95656226701001
9.95671023028985
9.956807411914623
9.956314080934245
9.956009934988346
9.95573392220504
9.957421225828886
9.957180019765746
9.956971950061224
9.956801170153565
9.95667353358385
9.956557199472114
9.956355632903737
9.956202413419824
9.95782920938083
9.957454197582873
9.957233561535517
9.95674242119075
9.958208446808511
9.957583162143248
9.957267573659852
9.956534773885156
9.957392419536252
9.95649143932263
9.957171169755295
9.956081183982842
9.95656833042818
9.956968312140537
9.95565804680362
9.955775865470526
9.956743551586877
9.95684320490427
9.957758300205503
9.95707140447886
9.957752102123546
9.95860922408833
9.960386617479543
9.961224942427268
9.962990266581693
9.962289885024635
9.964050555489205
9.965470614399553
9.96764726646918
9.970094644751436
9.970767364444605
9.972745772264853
9.974706147679633
9.975262979586585
9.977900750142757
9.979810475210368
9.98018630910221
9.982069669329336
9.983302570004312
9.985155852448727
9.985549431547204
9.987182584396564
9.988026941935892
9.989912994523298
9.991076948748008
9.993624774933048
9.994255847247553
9.996404119244621
9.996899385365888
9.998459125912886
9.999530185693397
9.999022923720426
9.998172878908719
9.996717572677202
9.995957289347423
9.995499476623857
9.994123770584235
9.993365689552803
9.991328125164584
9.990898790020623
9.989653753840068
9.989026655291562
9.987832893639059
9.987219451146599
9.98666896576484
9.985565380739628
9.985030954133666
9.98385433298399
9.983399896436175
9.982305680997772
9.98202235342809
9.981042359066123
9.98010182090106
9.979808179738527
9.978964089755051
9.978175240486042
9.977937157371304
9.977161796982362
9.976410832420314
9.975660393344796
9.974966399034702
9.97432423131168
9.973713316546108
9.973134916362879
9.97259011881897
9.97182070698334
9.971182728389715
9.97068342120808
9.970328257325496
9.970099332470978
9.969864068398138
9.969604950728721
9.969326810719767
9.969032785274502
9.968725291972548
9.968406313962051
9.968077534738836
9.9677404141154
9.967396235610396
9.967046138161209
9.966691138466434
9.966332147344053
9.96596998204841
9.965605375716581
9.96523898466388
9.964871393967043
9.964503121576742
9.964134621042328
9.963766282774477
9.963398433577922
9.9630313338977
9.962665171725703
9.962300051154545
9.961935971489483
9.961572787674143
9.961210126867867
9.96084715966985
9.960482629419916
9.960122487180454
9.959818175759935
9.959488337483378
9.959271591625608
9.958981666127602
9.95870468997796
9.958616661904077
9.95838768124887
9.958174383659074
9.958227921776237
9.958068678702073
9.957927278774434
9.957804158707512
9.957699737769602
9.95798756088056
9.957944685244907
9.957922068564036
9.95792000840637
9.957938776981111
9.957978619082823
9.9580397501908
9.95812235475836
9.958226584807047
9.95835255902951
9.959128851926572
9.959324478648156
9.959542246920822
9.959782136520477
9.960044111736885
9.960328133623637
9.960634176664689
9.960962250096872
9.961312423600388
9.961684856340785
9.962079827513392
9.962497765741539
9.962939274115776
9.96340514750352
9.962890600192221
9.96338097741595
9.96389930644962
9.964473110958192
9.965578770109069
9.966531989017541
9.967495307573751
9.968465574258792
9.96944025489441
9.970417260385165
9.971764634982646
9.972185589340803
9.97349250336677
9.973510723433867
9.974441583926572
9.97536665206981
9.975366133786322
9.97600002277095
9.975994172597867
9.976676664986268
9.976462275443213
9.976468510330552
9.9773232579877
9.977127186556768
9.97786082015512
9.977549343230793
9.97819593406573
9.97778234235419
9.978349259413465
9.977835434905233
9.97832385908598
9.977708478492971
9.97811829596884
9.977400610542157
9.979511902028396
9.979821912428982
9.978980970728163
9.979220066397104
9.978285007928584
9.980296614831168
9.98045204776381
9.979409224143913
9.979508527406516
9.981451810026712
9.98031020224442
9.980343224657677
9.982238577548708
9.982233955634033
9.98286942863975
9.982827531166173
9.984658557754797
9.984581968788502
9.986378879850466
9.98626839170186
9.98802906494041
9.988509210755488
9.98834658071473
9.990046431868002
9.989849957377166
9.991507649235269
9.99314126694596
9.99289037846408
9.995738512373023
9.997299815341494
9.998834666404802
9.998503017516684
9.99998790711904
9.998554560007145
9.99771688898052
9.996312719799697
9.994936204458769
9.99539512011927
9.992869748443438
9.993370465160208
9.990925951347732
9.991468610528715
9.99025321954514
9.989688946308684
9.988526466249802
9.98802944745968
9.985822636509026
9.986486508196379
9.984354344381202
9.984009964088907
9.98370151598474
9.982709454333012
9.982459617540789
9.981289423338911
9.979428642259723
9.979284293749986
9.978028717279052
9.97700876827002
9.976082361120064
9.97519677115933
9.9737112950009
9.972425843811877
9.970688848376772
9.96973404116614
9.967967501226308
9.965935488998262
9.964218030037472
9.96305290367591
9.963162005186144
9.963896914689942
9.964618386601467
9.964682702457427
9.965377637264618
9.966057300924817
9.97812496954126
9.996068197498438
9.992976975023183
9.985534131350985
9.977725438587425
9.972002561354635
9.967163573948199
9.963256354752087
9.958956951990096
9.955644534438736
9.951977291514627
9.951110264378922
9.948031812230505
9.946028159163811
9.945839799473827
9.94379304782882
9.943745022538943
9.943225266241328
9.942582580187219
9.94381786105157
9.94428965237729
9.945931364025078
9.946618516012151
9.948570424167931
9.950235942964099
9.951731291042108
9.95550254399346
9.958969318708332
9.964690015238885
9.977884690473788
9.977071104984095
9.976269120787297
9.976111396893641
9.975317860478421
9.974540604412974
9.973781003000308
9.973040361644344
9.972319914962117
9.97162082406615
9.970944173476061
9.97029096822419
9.969662131854605
9.969058506142845
9.96805460161738
9.967521172399662
9.966632119840291
9.965812650474255
9.965395184049243
9.964688288557063
9.964074161561978
9.964140009922486
9.964183195543052
9.964221628393338
9.964255921620593
9.964278413919736
9.964306391737358
9.964325943034622
9.964342003834204
9.964365321385536
9.964380529020186
9.964402998969483
9.964421238026002
9.964439873581362
9.964461631355972
9.964491864727725
9.964514558745035
9.964536899634345
9.964578116700695
9.964616952716174
9.964659907181384
9.964707053643775
9.964766313659801
9.964821471263066
9.964880146529854
9.964941756266951
9.965013909870295
9.96507835358275
9.965141523887642
9.965200042175235
9.965255098398048
9.965377730097732
9.965629949690234
9.965824369283595
9.967912770887562
9.970147198375887
9.972425969450455
9.973723079860799
9.97513606331499
9.97623946765881
9.977396745305109
9.978614043062644
9.980363654727979
9.98115794014493
9.981967377896584
9.982789828857369
9.983647836873867
9.984500198388396
9.985348509679941
9.985712893155856
9.987460530078078
9.988305155527422
9.988686625302597
9.989539075391589
9.989903603813618
9.990737598912123
9.991121163897196
9.991496825060343
9.992330680436115
9.993535602854228
9.994334490998313
9.994705744445127
9.995115103988015
9.99576447692117
9.996394521047405
9.997035836773785
9.998415787778278
9.99907158630476
9.999741874294033
9.999572973081536
9.998873446371823
9.99816130693312
9.997439931536029
9.996071145374067
9.995359696106359
9.994656763028987
9.993967825857306
9.993296577866404
9.992644708719379
9.992012175800797
9.99084145131006
9.990255194080099
9.989682275013417
9.989119897993993
9.988565303240648
9.988016333876923
9.986994278614123
9.98638096161708
9.985547577352273
9.98502227618182
9.984506164827028
9.984001108205243
9.983507402161537
9.98263568804301
9.982175991654739
9.981726445630304
9.981286607608745
9.980856064925634
9.980434437073587
9.979709511762659
9.979316646366678
9.978931626134743
9.97855417086087
9.978184020452094
9.977820933291161
9.977464684950148
9.97689022368551
9.97655843906352
9.97623278563535
9.97591309430783
9.975599209384335
9.975290988033404
9.974988299754951
9.974691025826845
9.974267538702927
9.973991276312601
9.973719978694177
9.973453561826842
9.973191949100212
9.97293507007727
9.972682859015766
9.972435253034945
9.972192189718761
9.971953603739632
9.971719421543648
9.971489550648396
9.971263835384722
9.971041943196878
9.970825938263319
9.970612278225683
9.970400624424947
9.97019116502395
9.969983997454914
9.969779178944076
9.969576741607161
9.969376698460087
9.969179046580205
9.968983768876186
9.968790835081348
9.968600202288647
9.968411815218271
9.968225606311732
9.968041495754708
9.967859391463044
9.967679189080819
9.967500772021857
9.96732401158173
9.967148767143176
9.96697488649424
9.966802206275169
9.966630552566219
9.966459741624385
9.966289580771813
9.966119869432646
9.965950400308204
9.965780960663123
9.9656113337548
9.965680601985461
9.965666279558436
9.965649437841883
9.965526889896744
9.965449069439835
9.965316135727297
9.965239428631419
9.965051381387195
9.964904866934983
9.964825974289216
9.96462983574528
9.964468651476329
9.964266557037408
9.96418096926864
9.96397254530864
9.963792055061669
9.963576737576473
9.963358301221085
9.963260844314346
9.96303538575846
9.96283070075801
9.962597996947181
9.962362182803377
9.962123361261819
9.961881770937831
9.961638333374832
9.961402853223156
9.961189060348403
9.960953993884452
9.960697720564433
9.960438585733474
9.960177107040055
9.959913481220788
9.95964770052655
9.959367928599049
9.959837361010312
9.960602196741245
9.961425387035403
9.962226668497468
9.963038896400183
9.963861517935399
9.96469401901609
9.96565539803599
9.966519300265638
9.96858835237122
9.969643892537546
9.970605298243774
9.971510097013198
9.973960402705604
9.974889280832063
9.977075927034555
9.978274924143609
9.980496288722742
9.983023636800622
9.983991154716339
9.986570393363666
9.990126798909241
9.992749770990962
9.995012172449988
9.998943681794248
9.997125959465407
9.993651448040527
9.989790466163557
9.984755337069245
9.979842743689206
9.975079562694024
9.969408366667254
9.964490903975218
9.958766011393745
9.952678330913136
9.940761685105125
9.941122349633751
9.94148654710274
9.941853979561687
9.942224326580531
9.94259680280153
9.94297029273971
9.94334433060993
9.943722476665675
9.944097472597388
9.944476933819162
9.944851007329563
9.945229895354853
9.945601040054108
9.94597734725799
9.94634344854553
9.94671506338755
9.947083529872442
9.947438628096542
9.947799063736941
9.948154636465308
9.948493514426042
9.948837514978239
9.949174831661113
9.949491955193771
9.94981392447285
9.950127255403373
9.95041669195395
9.950710592283706
9.950993725756327
9.951249030238797
9.951508294043002
9.95175451429567
9.951968835141857
9.952186684880973
9.95238941049326
9.952576501076912
9.952727552364214
9.953521204688908
9.954095407485173
9.954720896551937
9.955448368917333
9.956027052010905
9.95664371436996
9.957275415002204
9.957970488049746
9.958394595163462
9.959146304405568
9.959565897747499
9.960370759993582
9.96083349603937
9.961685959982898
9.962541762887193
9.963023851188948
9.963942500690937
9.964423659750818
9.965365841242882
9.96570973151506
9.965761955963115
9.965786493454921
9.965783754663837
9.965721352127533
9.965664859249793
9.965581776847054
9.96547206845814
9.965335546434677
9.965136685123962
9.964945092113748
9.964724919049058
9.96447495863727
9.964193428860302
9.96383986550532
9.968298886481474
9.970090366550755
9.971552983824619
9.972544863629512
9.97288577633767
9.974048416185845
9.97452829998421
9.975044423426176
9.975596317251453
9.976140786419476
9.976762625843556
9.977418750648846
9.978108573509225
9.978831447352075
9.979586663672418
9.980327916343676
9.981145257311384
9.980949847795902
9.98180223329602
9.982682849875
9.983590690958152
9.983356509900736
9.9842926420929
9.985253124806306
9.98623684117136
9.986048922487608
9.987054260401939
9.988081092194296
9.989088866970079
9.98962204517444
9.990715597501833
9.991830825476594
9.994434578354438
9.99559224951075
9.996766729427295
9.999391587316346
9.99921896184899
9.998070599860561
9.996845976155424
9.995609139008842
9.992837931105214
9.991574841283388
9.98876592790444
9.986051324675067
9.983202199163854
9.981891644104726
9.979117206041684
9.974666856880127
9.973319952187149
9.970384415002007
9.965954971974984
9.963043643279622
9.960054183292495
9.955428302673248
9.950884027040939
9.946199512722432
9.939850007275256
9.933434707369056
9.927127366827849
9.920646485682497
9.909088978650018
9.897534550772747
9.879162907722508
9.857196360645426
9.857463173585923
9.857738712001288
9.858141245347499
9.858428929122072
9.858719582521749
9.860063299443883
9.861085825634495
9.862693061712998
9.86389670014555
9.864620808897506
9.865836734635291
9.867233043083418
9.868047769704978
9.869410132386072
9.870285623800365
9.871187049512612
9.872805208238876
9.873771687813218
9.874768882582824
9.875795681498621
9.876982522988754
9.87868559767691
9.879738152155607
9.880950166374129
9.882111268738637
9.88342939074352
9.88463687866862
9.885864919671697
9.887111859654327
9.88837600361824
9.888966811850333
9.890247699949885
9.891541360054664
9.892846030007812
9.893674564970215
9.895140626772562
9.896474715494657
9.89714283804181
9.898483487073161
9.900050689190625
9.900876675003618
9.902460133654568
9.903155641907768
9.90474735196137
9.905698140214449
9.90688698831834
9.908483660948539
9.909479231385877
9.910456770997577
9.912041317759689
9.913159995513515
9.914134505991987
9.915948764757584
9.916908407695386
9.918120367311612
9.919214229213036
9.920948007075175
9.92186543771134
9.923015802551351
9.923910936355124
9.925167352735887
9.92619934994121
9.927584506299828
9.92860120151647
9.929584544507401
9.9304953203654
9.931419214254102
9.932307580849315
9.933160679461063
9.934123875086406
9.934672377919439
9.935249182594648
9.935640841262392
9.93609518279774
9.936560114359914
9.937033552175318
9.937667455900495
9.938153565593128
9.938643969089716
9.939137688098576
9.93953976685231
9.94019222717064
9.940758584615887
9.94126039833514
9.941762190274583
9.942263502333349
9.942919757952236
9.94319899048178
9.943706358427594
9.944211702582326
9.944714743626372
9.945160051292403
9.945814522031691
9.946309266945034
9.946800772307888
9.947143578478459
9.947636256040413
9.948282700653756
9.94861295196364
9.949093033129982
9.949466464482379
9.94994490952614
9.95041842700958
9.951045459993553
9.951509009297526
9.951844318843037
9.95230342826757
9.952756760908244
9.953264899349655
9.953706332084176
9.954302875960561
9.954678185849373
9.955108075122638
9.955531062331866
9.956102664996079
9.956515120282976
9.956755133784764
9.957147408242097
9.957530902166987
9.958065431329272
9.95843244515225
9.958726290621847
9.958978688846528
9.959321645563493
9.959657048763571
9.960144688964576
9.96039861807882
9.960614002120337
9.960920186344017
9.96115100195346
9.961443072201032
9.961790446110617
9.962068896737307
9.971315321790053
9.97747026861274
9.982314582992851
9.984221874228783
9.986431073033854
9.98737956190559
9.988331417733225
9.989241115373078
9.990151328168377
9.991115413334573
9.991964723069083
9.992970686599481
9.993701798608733
9.994581298310113
9.994368715834327
9.995040923026682
9.996217445793597
9.99774671405577
9.997869796680424
9.999184708582266
9.999203557743554
9.998881059523024
9.997710732134962
9.996546302594899
9.996048847652474
9.994892699252183
9.993747322208808
9.992930728282968
9.990834894824431
9.988563860863083
9.988609694149766
9.987732213048371
9.986729323831597
9.986776192237118
9.986081741656141
9.9861297474011
9.985450529902193
9.984784246998384
9.984836770980394
9.98403021909609
9.983392911095603
9.98314346859872
9.982521823595224
9.982582318873327
9.981977207630674
9.981385457502565
9.98145278085745
9.980722912447623
9.979844364306853
9.979918729907432
9.979373641428705
9.979452369678986
9.978924277866394
9.978085089736012
9.97817244585867
9.977675796317321
9.977038737381287
9.97656793873456
9.97633670119779
9.975902445439177
9.97546414534245
9.975238523479494
9.974816060399345
9.974405754209334
9.973702617295622
9.97316773418708
9.97329518057185
9.972578206793788
9.9722196035794
9.971518959671844
9.970878858324907
9.97009631562863
9.96942842382118
9.968685224004675
9.967135500584911
9.964272039549432
9.964205234121646
9.964290130286745
9.964377362438938
9.964466922451678
9.964558831763366
9.96453844823386
9.964636375561845
9.964736845732098
9.964839941063918
9.964945749789722
9.964945074189583
9.965057837818293
9.965027248779737
9.965146269186437
9.965268483607652
9.965200415222066
9.965330092035583
9.965463330653272
9.965500324587612
9.965642256902349
9.9656962139994
9.965749546744204
9.965904457588133
