-0.00018045401807144875
-0.0001819295036794779
-0.0001834013480995778
-0.00018487449434586564
-0.0001863577774871586
-0.00018783672365316656
-0.00018931945666589815
-0.000190805973133315
-0.00019229577581051583
-0.00019378841681419703
-0.0001952703882988928
-0.00019676870618050087
-0.0001982694436050877
-0.00019121458270176479
-0.00019265752236220926
-0.00019408724980422067
-0.00019553257779245683
-0.00019696394162228208
-0.00019841066406181185
-0.00019984265282213957
-0.00020128952670872078
-0.00020272065067124538
-0.00020415146654682582
-0.00020559611903660165
-0.00020702469279036575
-0.00020845075148573011
-0.00020989153014023485
-0.00021131444394205392
-0.0002127348668310823
-0.00020445071987682534
-0.00020581203448367217
-0.00020715348466754957
-0.00020849067570066117
-0.00020982323808521253
-0.00021115079578862001
-0.00021247296082752711
-0.00021378933427509817
-0.00021511571104320822
-0.00021641925592886963
-0.00021771574042363915
-0.00021900471889873171
-0.00022028573333959318
-0.0002215583131186088
-0.00022282197479758987
-0.0002240762193626702
-0.00021431990421987877
-0.0002154842159286085
-0.00021663106407481425
-0.0002177660398246247
-0.00021888858218062216
-0.00021999812119325135
-0.00022109407502256305
-0.00022217585035659828
-0.0002232428421526433
-0.0002242944333540991
-0.00022534339539319502
-0.00022636308785536137
-0.00022736548983111918
-0.00022834993438380157
-0.00022931573759913965
-0.00023028062093701385
-0.00021876088502229303
-0.0002195777088506622
-0.00022036979351899304
-0.00022113905767208713
-0.00022188404315423324
-0.00022260391164555552
-0.00022329780471438878
-0.000223964841474827
-0.0002246041206197033
-0.00022521471976481427
-0.0002257956948767288
-0.00022634607968321385
-0.00022686488505782612
-0.00022735109837599774
-0.00022780368283916108
-0.00022822157676289235
-0.00021453702633124095
-0.00021478797971012743
-0.00021500042820889523
-0.00021517320172216364
-0.00021530510045985409
-0.00021539489497362835
-0.00021544132427620569
-0.00021544309479140766
-0.0002153988789922664
-0.00021530731389632105
-0.00021516699938930193
-0.0002149764963402647
-0.00021473432445992104
-0.00021443895983782547
-0.0002140888320662767
-0.00021368232080263977
-0.0002132177515518004
-0.00019671911822520774
-0.00019602852136993803
-0.00019527395999510014
-0.00019445348100494408
-0.000193564957249858
-0.00019260608018520665
-0.00019157547661410363
-0.00019046801589792865
-0.00018927987644223545
-0.00018806299923821934
-0.00018675206199122142
-0.00018536973124488984
-0.00018389824735258117
-0.00018237924635775048
-0.00018077584529493956
-0.00017910900549942396
-0.0001773224929250709
-0.00015738437463822143
-0.00015535652776995873
-0.0001532491170401384
-0.00015100837104329223
-0.00014871141112345455
-0.00014635262540123033
-0.00014388354716388194
-0.00014125739072852494
-0.00013861453557240856
-0.0001359034407503979
-0.00013300663223896972
-0.00013011095708212732
-0.00012712543208807218
-0.00012404920081097054
-0.00012074891910301921
-0.00011747808568369513
-0.00011553112050632304
-9.168152376939003e-5
-8.79121393162123e-5
-8.420987883227959e-5
-8.041136261514302e-5
-7.630500116445245e-5
-7.227399915480709e-5
-6.816537577809851e-5
-6.174847393282624e-5
-5.705544695885575e-5
-5.2478401933246696e-5
-4.7825413947453514e-5
-4.274714592036968e-5
-3.781992431376871e-5
-3.274917412108462e-5
-2.7672266026236164e-5
-2.216193131521292e-5
-1.6685772982441503e-5
-1.131048692958658e-5
1.8117210695396378e-5
2.38735180849472e-5
2.969901764441003e-5
3.650682076872049e-5
4.253097595748121e-5
4.8767695598063134e-5
5.497930436773032e-5
6.2411087967117e-5
6.891578742436412e-5
7.564312105786014e-5
8.361347049256596e-5
9.12659204302232e-5
9.984932762135408e-5
0.00010928734583623894
0.00011784331978834564
0.0001263959624400555
0.00013481405679293182
0.00014418968034600932
0.00015188001311493065
0.00016024522123370285
0.00017761299499268948
0.00018535470588295757
0.00019338666357836105
0.00020220175602120587
0.00020963965884957116
0.00021664228184937182
0.00022411851526043584
0.00022538649759425652
0.00023415471313358008
0.00024292091827547114
0.00025353381519287817
0.0002623525988240561
0.00027114642723028814
0.00028200248662968864
0.00029080823828368156
0.00031274936026509545
0.00032426311594061056
0.0003334551174220878
0.00034257972078392807
0.0003542794981711938
0.0003633440054199827
0.00037230914649063996
0.0003811621484353178
0.00039298643905999844
0.0004016996416009919
0.00041026394473927266
0.00042212698708678464
0.0004494872064221404
0.0004582767378437971
0.0004707400599673075
0.0004792849274456539
0.00048761355281681774
0.0004957092174124886
0.0005080172582893277
0.0005157623982770306
0.0005232270639545265
0.0005353468549526727
0.0005423768109375469
0.0005751441186801345
0.0005822976955673456
0.0005947857582034696
0.0006014215272750102
0.0006076731391207288
0.0006135203437153699
0.0006254407034243734
0.0006306418351084989
0.0006353824519406149
0.0006729241816442866
0.0006850658677588206
0.0006895557909594383
0.0006935302225070187
0.000696968020884397
0.0007082388837179926
0.0007108119832444082
0.0007127917535864713
0.0007551563956919079
0.0007570611667496656
0.0007681116721607837
0.0007690425877690429
0.0007693118418248872
0.0007689000322440668
0.0007677881125432919
0.000765957446968641
0.0008136296599136126
0.0008236910791485488
0.0008213700156606276
0.0008182994726094138
0.000814464235207858
0.0008098498349884524
0.0008044426073174123
0.0008578716178203226
0.0008524459327967478
0.0008462261616281563
0.0008392029399521146
0.0008313679903872333
0.0008227141831757868
0.0008819877894610494
0.0008734868818069853
0.0008465905715660921
0.0008360375378270196
0.0008246791511240829
0.0008125165610193941
0.000799552356777275
0.0008467042631215716
0.0008337045390851763
0.0008199514898178504
0.0007833782696240647
0.0007675802687324674
0.0008418250115193136
0.0008026603486400582
0.0007863960397209164
0.0007435660235248619
0.0007253190581641822
0.0006786122692034405
0.0007623276582914223
0.0007439996046683234
0.0006943522619061769
0.0006741041199496544
0.0006201010520017401
0.0007139160379860834
0.0006939800362647019
0.0006366264952850008
0.0006147850804245863
0.0005523956772450394
0.0006578858284267487
0.0006366794852938993
0.0005702375023369357
0.0005470294292978522
0.0005234655448922019
0.0005931918924553971
0.0005707702588874865
0.0005480356249723497
0.00046846983916971706
0.0005998903452504934
0.0005780255943371259
0.0004923081442426248
0.00046786640808393854
0.0004430314268385874
0.000591606041530243
0.0004961087843163921
0.00047161142286651837
0.000446600400852133
0.0005268057161150032
0.0005021966479986944
0.0004769078752198407
0.0004508733258153901
0.0005325775628329719
0.0005062580899131298
0.0004789235474363522
0.0005597495316976778
0.0005313729204879993
0.0005016185344273512
0.00034933920864147817
0.0005480308422640133
0.0005144085979046039
0.00047876647832828653
0.00030127967186948355
0.0007903216071895268
0.0006883540648910269
0.0007896466130029782
0.0010987662644967764
0.0009432138594531491
0.0009758948486935459
0.0012021381918638722
0.0014131025804220664
0.0015629353261682902
0.0019393704165936298
0.002050747830380653
0.002032644694359337
0.0023991103100510294
0.002451663129216307
0.002407557606382672
0.0027430429256520934
0.002700993332522493
0.002695788470412105
0.003013340112000616
0.003024196914088052
0.003293947017364656
0.003318628539880472
0.0032250989332452055
0.0036449408521822785
0.0035364105965531977
0.0039706268475198075
0.003852121826908572
0.0038734078937909273
0.004173170451858144
0.004194679159844603
0.00450123103648531
0.004351674892599185
0.0048384691786638526
0.004679453059088948
0.004997774965186909
0.005019426991955627
0.005347581332525064
0.0053742822809704945
0.005713544111316089
0.005523075419199179
0.0058679902561044025
0.0059002027845193455
0.0062581770338295565
0.006044974630258734
0.006671769795324312
0.0064509935843368536
0.006829891168703449
0.007218158997926095
0.007277637874446849
0.007681674813600131
0.0074326661044799075
0.007842212167660739
0.008603879644459654
0.008340419509080472
0.008773027066686487
0.009212930887453235
0.009658890389366378
0.009756666554687082
0.010206466424542576
0.010653060205823855
0.011088017227687416
0.011486961762699957
0.011652133562771014
0.012130536709279332
0.012297476133178572
0.012859414145610787
0.013457817062235691
0.015018011182067777
0.015705428639068906
0.016428171923146467
0.01718675860519956
0.01798068323794935
0.019752673391322348
0.020309655921853905
0.020368120281952007
0.020436082309560295
0.02050887134235475
0.02058676577318249
0.020669886326828247
0.02075834500379721
0.020852246016629473
0.02095167700370682
0.021056699986515576
0.021167341531662436
0.021283582251232214
0.021405344993425633
0.021532481501246144
0.021664757102399533
0.02180183292662735
0.021943245020782
0.022088379554625014
0.0222364430583059
0.02238642626756386
0.022537059610480824
0.022686757537356134
0.02283354756458946
0.0229749775601036
0.02310799526672674
0.023230389291265016
0.0322493749896932
0.03772422566664437
0.04115796634536487
0.04462511607821881
0.04734420876452807
0.050161167833194215
0.052339263640677036
0.05381647515079566
0.054532125494358485
0.05527980872430058
0.05605822219844124
0.056866262455372234
0.05770291690378082
0.0585671999751454
0.05945811240698376
0.06037461396658434
0.061315604562467894
0.062279911176158116
0.06326627891529317
0.06427336525315305
0.06529973681479881
0.06634386828284808
0.06740414312157494
0.06847885589654243
0.0695662160164974
0.07066435275515523
0.0717713214289158
0.07288511061622233
0.07400365030759473
0.07512482087400327
0.07624646273223178
0.07736638660874315
0.07848238420456684
0.0795922392078797
0.08069373843934188
0.08178468300297169
0.08286289928132531
0.08392624961938919
0.08497264254707122
0.08600004240033104
0.08700647821577166
0.0879900517925794
0.08894894483831114
0.08988142514018177
0.09078585173000057
0.09166067903740609
0.09250446006212676
0.09331584854241964
0.09409360034541457
0.09483657393710845
0.09554373018426844
0.09621413151557812
0.09684694054821716
0.09744141827288215
0.09799692188496104
0.09851290234187211
0.09898890171723373
0.09942455041229167
0.09981956427453312
0.10017374166321645
0.10048696049204797
0.1007591752707213
0.10099041416358635
0.10118077605051991
0.10133042765118211
0.10143960063563394
0.10150858877566059
0.10153774510931673
0.10152747911686862
0.10147825390223256
0.10139058337421682
0.10126502942247512
0.10110219908394913
0.1009027416966275
0.10066734603861056
0.10039673745166632
0.10009167494965295
0.09975294831333648
0.09938137516219168
0.09897779807882268
0.09854308161030143
0.09807810939196793
0.097583781219374
0.0970610101470147
0.09651071960887689
0.09593384056829588
0.09533130870504904
0.09470406164800844
0.09405303626214395
0.09337916599918351
0.09268337832191705
0.09196659221301397
0.0912297157804138
0.09047364397297573
0.0896992564237172
0.08890741543043962
0.08809896411957371
0.08727472478983854
0.08643549749478387
0.08558205889860486
0.08471516146322262
0.0838355330389002
0.08294387695154823
0.08204087270727001
0.08112717747059134
0.08020342851982612
0.07927024694459074
0.078328242930996
0.07737802308522888
0.07642020038316917
0.07545540750536688
0.07448431458535845
0.07350765256374828
0.07252624391041038
0.07154104269289438
0.07055318658850127
0.06956406388971556
0.06857539894879125
0.06758935955582748
0.06660868902376488
0.06563686354945694
0.06467827067134227
0.06373839603512103
0.0628239921302141
0.06194318455736991
0.06110545264318052
0.06032148883228357
0.06053758311905025
0.0651134659683656
0.06496087610375983
0.06894661160918143
0.07266904084134868
0.07223460954716988
0.07558797411790877
0.07506673445549485
0.07458186077501988
0.07749105833732245
0.07693857109103462
0.07642246568625058
0.07890294023682613
0.07831176022808709
0.07774790955494289
0.07720709862679534
0.07668484320745939
0.07850300053589039
0.07787600459426376
0.07725626744461041
0.07663930996242053
0.07601987082628245
0.07367606829221719
0.07311893529742705
0.07246377354447492
0.07183995446097127
0.07004331083607777
0.06956578073864517
0.06809412802966491
0.06683552514249158
0.06643993271982604
0.0654145758060144
0.06313586051874244
0.06255835164299862
0.06203743917740483
0.06159245007447818
0.06097667156442251
0.06022623580307506
0.05936117623086024
0.05839573945941229
0.05734100606988056
0.05513061050670176
0.05392145244084921
0.0526467261233008
0.05131790435698626
0.050084155787532524
0.03788737490118585
0.028456416653036776
0.023292684421059435
0.020324241969661653
0.010490207381364693
0.007676474692079181
0.001099003442275947
-0.0017163244255533267
-0.004589933746300817
-0.010958455933774142
-0.013845407016432271
-0.0167865098815173
-0.02351345303857264
-0.027049648355638667
-0.03005650160604922
-0.036760981396908664
-0.04061577513177841
-0.043785846225217945
-0.05265273308243638
-0.057996743181252836
-0.0700690142858034
-0.0712246173857336
-0.07356895133847535
-0.07781145574905243
-0.07902053309922279
-0.08357048584914886
-0.08480614526750455
-0.08606566150786564
-0.09055173477169795
-0.09131692335366201
-0.09688305519151144
-0.0981429025074696
-0.10245298100947157
-0.10371081016660963
-0.10730194954377294
-0.10852974964404934
-0.11262166206844386
-0.11312510979816803
-0.11708120001881724
-0.11943156852294541
-0.12247276725185827
-0.12356811434414074
-0.12724174504235208
-0.12735090824085105
-0.13078220772765667
-0.13071807336488142
-0.1339061078104302
-0.1371498735662116
-0.13774146419232147
-0.1394291138500031
-0.14087775193707025
-0.1411464271880281
-0.14222381792449168
-0.14428606241974543
-0.13830204553343328
-0.13358320020466619
-0.12934028828840155
-0.12636847288308628
-0.12192966488692601
-0.11637680008890469
-0.11407364763851222
-0.11015486916704281
-0.10927521959971927
-0.10658826894983724
-0.10476281053998798
-0.1034311253473803
-0.0994510680892703
-0.09930383300106002
-0.09942050781394593
-0.0974175772022629
-0.09852290359158274
-0.10536045780973623
-0.1073598524995392
-0.10526162783071857
-0.10482669549347096
-0.10282096447530886
-0.10236671102212416
-0.10045340691118038
-0.09998581914100534
-0.10073675657926336
-0.09894812727044382
-0.09844108022934199
-0.09790401449400922
-0.09733837872604297
-0.09674571435090507
-0.09612764667034437
-0.09548587539187903
-0.09607927713234911
-0.09539449248769417
-0.09469141738118778
-0.09397194130461324
-0.09383496988349387
-0.0930313418940684
-0.09221801765658466
-0.09180800230802867
-0.09218543437030877
-0.09130074419294569
-0.09064820772155621
-0.0897148410568896
-0.08890109736387575
-0.08793706696429605
-0.08699372449280354
-0.08607378928120193
-0.08645272656107673
-0.08560773960184971
-0.0847949850883478
-0.08401231827166711
-0.08325804043622158
-0.08253071592254947
-0.08182908407017539
-0.0824075612438933
-0.08175227760785289
-0.08111954901167602
-0.08050850727899982
-0.07991836111516637
-0.07934840066642118
-0.07879800829412968
-0.07826667658284582
-0.07900304130330194
-0.07850688965253715
-0.07802924559651067
-0.07757045604600073
-0.0727150895605079
-0.06883131750064467
-0.06407811120237804
-0.06014399923250646
-0.05834964716217755
-0.05443265014348094
-0.05213985310415311
-0.04891345890107597
-0.04686586206504265
-0.044473393295216726
-0.04204159839129232
-0.04217195123317089
-0.04060892872258747
-0.039566362298811386
-0.03797429919418939
-0.03699935835580791
-0.03537875764271145
-0.03529262806648368
-0.035227567793328786
-0.03400552693080738
-0.03398599313734545
-0.03471075924718113
-0.03470895775661391
-0.03298820322363049
-0.03300780256434976
-0.033047169216745345
-0.03488259602386619
-0.03492921790072843
-0.03499454032793961
-0.035552436012453364
-0.033697486516812765
-0.03416223361218514
-0.03421488804964417
-0.035785642653305305
-0.03610697579570397
-0.03614108220286164
-0.03638061541340113
-0.036554799880903745
-0.03657495962909717
-0.03880189782335863
-0.03886276901876706
-0.04008794476538089
-0.040171258985399264
-0.04027009524159853
-0.04038119151826439
-0.04050211615674791
-0.04063084779183862
-0.04304590391130334
-0.04434612084646433
-0.04450753109748946
-0.04467018172668982
-0.04483267886792375
-0.04735061792536575
-0.04753106168546728
-0.047707196472882435
-0.04899167327545962
-0.051559141048484
-0.05173257047615783
-0.051896654997843454
-0.052050301278749565
-0.05464566059693988
-0.055886758131717944
-0.05601848352147324
-0.0586100488765439
-0.05872985455936756
-0.058832568152193315
-0.061409877576964166
-0.06149369770692809
-0.06512863572343229
-0.06542051666671801
-0.06556371255437098
-0.06815641300438663
-0.06952296999479604
-0.06960801406209376
-0.07218875165775729
-0.07329804987591708
-0.0771476409960698
-0.07720700747381919
-0.07973646662152307
-0.07978075214230568
-0.08112907872968768
-0.08463017263150843
-0.08463713376827
-0.0870897933321789
-0.08707566986152686
-0.08704567061150105
-0.09079067982438577
-0.09073577217454667
-0.09163761268192219
-0.09397816112869828
-0.09387596615474088
-0.09375684425095311
-0.09603383165093428
-0.09588686666332459
-0.09533642877300372
-0.0975424857461953
-0.09734758170239718
-0.09713618288510034
-0.09562124709776856
-0.09538005624166163
-0.0960352030679106
-0.09688578592466902
-0.09659990556472753
-0.09509504567212501
-0.09478273267171872
-0.09329346934980727
-0.09271161178607452
-0.09127428754883375
-0.08986579456722085
-0.08848636835194139
-0.08713610066909737
-0.08342697578383279
-0.08298049014209033
-0.08171216014969294
-0.07969796861419291
-0.07852397652455488
-0.07671580191847983
-0.07531176216322087
-0.07098113514029404
-0.06883121885286114
-0.06748605993893796
-0.0669258476988459
-0.06631824208008157
-0.0664460434321362
-0.0632925720202004
-0.06249944886069248
-0.0616222420762441
-0.061216604137158064
-0.061499037074323415
-0.06061664846948926
-0.06001386362482816
-0.05934835769430446
-0.058620947609064125
-0.060605549634645
-0.05726909304298946
-0.05635577820527728
-0.05738065884226914
-0.0594594087757532
-0.058465764342128745
-0.060964873480137675
-0.06364444356494378
-0.06726533196017263
-0.07108370794656899
-0.07464733277521748
-0.08099898224727255
-0.09043003882982999
-0.10731423247267413
-0.10680748594832785
-0.10319660968826871
-0.10201366230936063
-0.10080425269825818
-0.1001687390867329
-0.09890450103990199
-0.09520825923565446
-0.09390975197406562
-0.09316099702053203
-0.09181590904606537
-0.09045124692063822
-0.08906818384515647
-0.08586727142513065
-0.08446216008606831
-0.08304270801252815
-0.08161028535363653
-0.08068537446370744
-0.07720832193517795
-0.07627873414872272
-0.07541228278776335
-0.07405338809489007
-0.0727037685721582
-0.07136385099232474
-0.0704979949693091
-0.0691750266340856
-0.06786293517426566
-0.0670024216283748
-0.06570982576375892
-0.06442934314563717
-0.06357821359016184
-0.06231985118809518
-0.06107483620209936
-0.060237212037044074
-0.05901686790613679
-0.05818490126250578
-0.056990819600536
-0.05616614426251005
-0.05499969178358322
-0.05384887000459207
-0.05304587805546069
-0.05192392942750248
-0.043971944685553065
-0.03645230349290318
-0.03244522702160624
-0.028940659734981507
-0.025633991181242852
-0.024059905365856334
-0.02257570514558122
-0.021176892160817834
-0.020297653324406098
-0.020079441863922735
-0.01859694201632471
-0.018019877578897028
-0.01749002658695445
-0.01656965175269638
-0.016104678878407986
-0.015991340540147846
-0.016339609442442574
-0.016190246051790955
-0.016364333831310952
-0.016847789750129193
-0.018075148957315903
-0.018765945742248033
-0.01902958296179017
-0.019552073373016426
-0.020229590380314234
-0.0200007317566466
-0.020709991527035076
-0.02050974389767997
-0.021247153923577084
-0.022017604378860543
-0.02188435730060673
-0.02269612525239575
-0.022601601822503547
-0.02344592783763039
-0.024302361057073726
-0.02425070403218186
-0.025125985718553977
-0.02509470166686273
-0.025980445870269743
-0.025963084380648906
-0.02595246951845438
-0.026842206341524923
-0.02683734816236663
-0.027719755012792346
-0.0277159043023454
-0.028584797442370285
-0.028577905161963724
-0.028571055062885074
-0.029414416584222305
-0.02939954173526612
-0.03021172750527055
-0.03006601384353577
-0.030028194421284793
-0.030510753218649312
-0.03047185466358671
-0.03043090806669767
-0.030884467353831865
-0.03083384513601314
-0.03050402730524886
-0.031199615046631275
-0.03113586640063225
-0.03035408928010648
-0.030145912984737316
-0.02926282982774441
-0.02883194405746928
-0.028456039604890022
-0.027707909960808866
-0.027666679737428583
-0.027024347707030816
-0.02619070560019129
-0.02628197298964084
-0.02581556991027656
-0.025412171914287913
-0.025397908527040738
-0.025308607906206287
-0.02560084018020574
-0.02556411777829426
-0.025813058646589514
-0.025811293220435544
-0.025830290342175717
-0.026326294658579722
-0.026376351232002517
-0.02663637703116036
-0.027149191029257638
-0.02722426385112713
-0.027673652255506203
-0.027772445797365874
-0.028179742481269882
-0.0283239761249909
-0.028394329508336383
-0.02871627813559095
-0.02900280384900129
-0.02925673837464687
-0.029479679643824874
-0.029673031280214507
-0.02962435297549613
-0.02976454876786607
-0.029880468460338764
-0.029977134383387886
-0.030076672935462706
-0.030195287045356636
-0.030330124776393106
-0.03047890687761918
-0.03043426066185299
-0.030774188774284086
-0.030967153803517833
-0.031166708445096513
-0.031371491797465983
-0.031580343148125044
-0.03179226538806683
-0.03200638583147499
-0.032486937246992455
-0.03252097590978018
-0.0327524381568532
-0.03298336522003032
-0.03321312291289653
-0.03377893440357801
-0.03401884549022749
-0.03425583251538182
-0.03448928780358394
-0.03511653855999125
-0.035355694897948355
-0.035589585107916856
-0.03626169027898758
-0.036313776018873596
-0.03654407308128019
-0.03725712383400863
-0.03748571656533067
-0.038230984464142026
-0.038458043177436216
-0.03922861345927769
-0.039450144549350426
-0.04026854673467432
-0.04048569755473616
-0.04130611568902338
-0.042144661614243344
-0.04235392163281551
-0.04308260691860218
-0.04395895343063824
-0.044873575103285955
-0.04610539773556375
-0.04722375999860495
-0.050180199433527556
-0.05167946762436197
-0.05636003303198453
-0.06273990740386237
-0.06315234439382758
-0.06340398088357055
-0.06348088224299461
-0.06386455197534868
-0.06416220751366984
-0.0643623274513566
-0.06471907949466116
-0.06489496378836948
-0.06523246772772379
-0.06556030363341436
-0.06555345614413616
-0.06586404655919623
-0.06598580471487893
-0.06627860576514985
-0.06656249976314041
-0.06665420295600712
-0.06677941868750163
-0.06703925626283509
-0.06710364231194327
-0.06734735457485316
-0.06758280456072549
-0.06761946438694293
-0.06770629083345028
-0.06791859087591902
-0.06792852701493396
-0.0681240887404916
-0.06831113840242131
-0.0683680553802503
-0.06822952054539995
-0.06842411043515026
-0.06857159513178851
-0.06858513198975329
-0.06869760421524701
-0.06863524127912911
-0.06870103884254705
-0.06863641047331391
-0.0684613561769307
-0.06842750209766935
-0.06841152387015308
-0.0680524930051656
-0.06793087888778827
-0.06786948673081754
-0.06764906263348182
-0.06655793373719217
-0.06639394696886614
-0.06534566897999382
-0.06406526656219431
-0.06400831067940793
-0.06269181837402162
-0.06273654553816893
-0.061402817513531965
-0.06022791791849016
-0.06036552713677651
-0.05901740416558486
-0.05798529347314136
-0.05634431600573488
-0.05541974174055298
-0.05422810955021895
-0.0528445894078533
-0.05169553756482559
-0.049596942547450555
-0.046765264980651484
-0.04387820607232087
-0.04030444664509925
-0.036115556596467556
-0.031161213253990943
-0.02634473922809761
-0.020853311735465646
-0.016346261196951966
-0.011163781276422409
-0.006832352063622117
-0.0047356789689548965
-0.0012054973386656522
0.001486217494017718
0.0030570111124515885
0.004523859179073677
0.006932290088178293
0.007348458363207052
0.008550361187664992
0.00921074422290543
0.010246234942891131
0.011540470160257651
0.012415731741858832
0.012892865290949298
0.014072112105819856
0.014088386325720877
0.014468637622382341
0.015557657777222714
0.01719256981370349
0.017460303842265636
0.018442002745920345
0.018653122420977223
0.019579745622103455
0.01973685811642717
0.020610699247250033
0.020716850830467648
0.02114899723110023
0.02122989260736816
0.02128955497457992
0.02207118401978131
0.022176847655381655
0.02221564978675438
0.022200394622077714
0.022164028606337916
0.021880219644294912
0.021828182899668605
0.0217594549737709
0.021675279465089146
0.0214207967875501
0.022426478648071346
0.021739133945688424
0.02139079276966039
0.021140223221261027
0.020862733648535626
0.020501462569905073
0.020192671755625627
0.019860500886962656
0.019494866944470713
0.019139092490940843
0.01878232074666983
0.018432194988907795
0.018087520209011984
0.017747841575030107
0.017412939218618712
0.0170827216560848
0.01675717637678409
0.01643634153614186
0.016120287426518002
0.015809103291825072
0.015502887448881642
0.015201739672633212
0.014905755262678799
0.014615020437123222
0.014329608818285114
0.014049578837972717
0.013774971924747702
0.01350581135581549
0.013242101666445821
0.012983828541083283
0.012730959056751812
0.012483442263882583
0.012241209994026532
0.012004177857070173
0.011772246379259266
0.011545302245959389
0.01132321962226527
0.011105861533231448
0.01089308129360004
0.010684723984483556
0.010480627981615854
0.010280626546652027
0.010084549499753747
0.009892224998539648
0.009703481454769427
0.009518149633888652
0.00933606497280986
0.009157070191401877
0.008981018253483564
0.008807775764235916
0.008637226899616279
0.008469277981798182
0.008303862835785117
0.00814094908839018
0.007980545604112085
0.007822711297375664
0.007667565625239742
0.007515301164489556
0.007366198842260558
0.00722064668057027
0.007079163456348457
0.006942429770108404
0.006811331246914504
0.006687023985588754
0.004880982249892173
0.0033500684920927623
0.002474841304487175
0.0018383300196986659
0.0012263859851160811
0.0012113254616363202
0.0011092494647997123
0.0010060287269425677
0.0009036695396578963
0.0008032477791600465
0.0007014552415679553
0.0009534176561431719
0.001181508501842201
0.0013864628918227294
0.0013011394406542683
0.0014731511005243946
0.0013770748279368656
0.0015195880657289692
0.0014155245379139313
0.0013134758412490892
0.0014217362446485363
0.0013148633576692361
0.0012112770573238507
0.0011112991575744214
0.0010152096766174133
0.00092325076140607
0.0008356304664085796
0.000752526389333559
0.0006740891770275512
0.0006004459395292952
0.0005317036779972975
0.00046795292861606614
0.00032056606302740127
0.00027626134380631537
0.00023693366725380767
0.00014462570074532394
0.00012407975788766295
0.00010818179288673241
6.8412194197248e-5
5.312659604323601e-5
6.518958430883573e-5
7.937165400870103e-5
9.49911564952536e-5
0.00011180880607177888
0.00013113510165489918
0.0001538416972839863
0.00018059112341514255
0.00021192155030914895
0.00024828799568721527
0.0002900857791887108
0.00033766535479124777
0.0003913424570085249
0.000451405491897353
0.0005181212117357325
0.0005917392728536711
0.0006724968576510675
0.0007612132794184753
0.000911659443112993
0.0016153410672054417
0.0022914037885183656
0.0029433324255620785
0.0033089724043273484
0.003665940301829273
0.004259532374975178
0.004590251268858172
0.004910999562171891
0.005221473819659792
0.0055214083812507395
0.005810577845383196
0.006088799485907498
0.006355935559782595
0.006611895356978135
0.006856636647753398
0.007090167457719773
0.007312570677196655
0.007367585166878539
0.007572341936970832
0.007766636676500694
0.007813230597561885
0.008020425623066034
0.008069379254934372
0.008241439413239649
0.008287011238887611
0.00844607786356156
0.008488373503891478
0.00853148965099731
0.008674697421782684
0.008714802675327126
0.008755821906607354
0.008797788692329058
0.008840737692985365
0.008884704702824809
0.008929727019028808
0.009081104342711067
0.009133591594617112
0.009187242574901814
0.009242137387962127
0.009298352549859414
0.009352831522017846
0.009369723736349863
0.00943274628050564
0.00964364553049347
0.009688545382478205
0.009737286757486347
0.009814864390587078
0.009888935250634326
0.009967476916754703
0.010220050260879594
0.01028455944415406
0.010363547154817293
0.010442206563610877
0.010520861885226631
0.010798246322891062
0.01086071599170296
0.010943987357932448
0.011026489813258595
0.011110368178600753
0.01138871417099684
0.01147968525542206
0.01157295998778353
0.011622060843432907
0.011917049235770407
0.01201502766092718
0.012047017273170976
0.012389614223957953
0.012494896364150155
0.012476797325881249
0.012583124942806575
0.012843726584602316
0.01295549485707563
0.012910018409655277
0.01328988781301284
0.013274671293720681
0.013249740923006249
0.013444876143032306
0.01356669416635586
0.013801399365265477
0.013753599404799229
0.013697607123156897
0.013868967153494007
0.013799630189565214
0.013795486971052913
0.013706828767796227
0.013848799015812496
0.013512561021191683
0.013441499846411773
0.013321184986857616
0.013168616736665655
0.012484625810988017
0.012339539803900441
0.01188965721500071
0.0111500377962205
0.010192477997606603
0.008889086385608312
0.00740034106748423
0.006179293818669443
0.0052238097689680475
0.004426083581766992
0.0038719162165721023
0.0037106393409143657
0.0034825951166415716
0.0033066221794301035
0.003539958179181815
0.0037697865455950615
0.004179158532258959
0.0043957299543593
0.004605802542993316
0.004809339148286052
0.005425743779156066
0.005839376387143777
0.006442127485801189
0.006623127749757002
0.007213035835808996
0.0077955862023673704
0.008370294956650608
0.008762296054530121
0.00904873701840788
0.009670037865857734
0.010084493187757424
0.010655616978505283
0.01089727210038662
0.011453221327971027
0.011848262894498815
0.01238212334389877
0.012762996029918244
0.012999410846827198
0.013372916277736846
0.013869947118732061
0.014101625657256199
0.014456987824129347
0.014686983685817665
0.015032737730759633
0.015260354232335635
0.015595532124557072
0.01592201280462436
0.016246172662736633
0.016463493805197495
0.016771110440136603
0.01698316565171445
0.017276849302755803
0.01749568017607322
0.017712249175385764
0.01792746989387105
0.01821620439185891
0.018426450134172663
0.01863536596704557
0.018842769446410692
0.0191081740183293
0.019310116207468985
0.01955991225857648
0.008675256467194326
0.0032402127063306295
-0.0020995671981565555
-0.0024032148029052647
-0.0023513294428858284
-0.00274087477384125
-0.0025796544636169975
-0.002554995948630847
-0.0021326584065565726
-0.0021586286036778045
-0.002132633382702858
-0.002228579289319477
-0.001916309135146713
-0.002079453138224909
-0.0023212983665311998
-0.002231584372294188
-0.0025037447838477662
-0.0023866547355809184
-0.0026277943443555507
-0.0024919308456398783
-0.0027076806592621384
-0.002557621612030699
-0.002402392446791622
-0.0025906876839630858
-0.0024259882420675886
-0.002596518542449395
-0.002424722224548999
-0.002250883175767011
-0.0024026409890997398
-0.0022246367622136237
-0.0023632151592119163
-0.0021826536645473175
-0.0020021798410980187
-0.0021277748136644898
-0.0019468431192149447
-0.0017670068399827203
-0.0018823327931957185
-0.001703812201257778
-0.0015272491709723984
-0.0016346203269385884
-0.0014608942575471177
-0.0015613019440703748
-0.00139129255892849
-0.001224427735334204
-0.0013200855214570786
-0.001158145394949404
-0.0009999511081117195
-0.0010924815590828106
-0.0009402760126543105
-0.0007923497051510024
-0.0008831993930343541
-0.0007422062641367393
-0.000829941179567332
-0.0006964366826858236
-0.000567973784460429
-0.0006561419976177886
-0.0005359468766698187
-0.0004211863712346719
-0.0005108739416698405
-0.0004050654177193407
-0.0004936624100100231
-0.00039719060468535914
-0.0003066910955775118
-0.00039833221178710776
-0.00031767319583163707
-0.00040915611592017687
-0.0003385868460957055
-0.0004302102011136026
-0.000369915134506453
-0.0003160412028210737
-0.0004120033549782399
-0.00036856611634791917
-0.00046504671931241496
-0.0004320434704437609
-0.0005290799654537432
-0.0005064254269345406
-0.0006039693411720386
-0.0005914929282228735
-0.0006894072373392295
-0.0006868516079743441
-0.0006904525911854745
-0.0007919305059967267
-0.0008049179601496019
-0.0009059835549496243
-0.0009278830883419168
-0.0010280937983748039
-0.001124341388840419
-0.0011571803727226302
-0.0012517995871273242
-0.0012920085704394401
-0.0013843625513352863
-0.0014312040365849657
-0.0015205960793855907
-0.0015732739869154626
-0.001658966871386058
-0.0017394003398623467
-0.0017978999425495225
-0.0018735594005506832
-0.0019359248712867542
-0.002006379871813403
-0.0020723180297195355
-0.002140772053064228
-0.0022113970336272246
-0.0022833756676833377
-0.0023559651228074324
-0.0024284277178538215
-0.0024999960268864883
-0.0025698477989278606
-0.002637080864097824
-0.0027006820028565594
-0.0027594823474718926
-0.0028120852150343816
-0.002856731626433871
-0.002890989655155257
-0.003128472897820665
-0.0032891160288553156
-0.00339277892393007
-0.0036148373055610696
-0.0037494148441796177
-0.0038937600087158254
-0.003907745017352942
-0.004060225315115309
-0.004221516036611575
-0.0042277841448893705
-0.004395343901880608
-0.004570450315323697
-0.004566349608533956
-0.0047454716361155745
-0.0047318339220032415
-0.004913397221024187
-0.0048890081705908525
-0.005071328537972792
-0.005034993201726706
-0.0049905121586264695
-0.005166843913632028
-0.005108720764767129
-0.005281584916731634
-0.005208709335585733
-0.005376250611106411
-0.005287555800886833
-0.00518905402789468
-0.005342403064022419
-0.00522670036818699
-0.005370499015216588
-0.00523670639167568
-0.005369233856818444
-0.0052165509508472555
-0.005336174127504505
-0.00545040171448915
-0.005269093045861403
-0.005367852847449564
-0.0054478590207192095
-0.00562507229088628
-0.006103799496272677
-0.0065781126272993614
-0.007337472415309712
-0.007802609036132597
-0.008854762883098744
-0.009902757640432183
-0.010350270512656747
-0.010196215244754739
-0.009860801785710771
-0.0093629221280457
-0.008857402736813319
-0.008346591894973745
-0.007831696582913508
-0.007313914847296201
-0.006794425797169112
-0.00475079205112983
-0.002457373090091826
0.00015952831130639693
0.003458434703979912
0.005778508455942879
0.006726116100527726
0.00738503316200818
0.008252319876594479
0.009066440715646669
0.00982212984660954
0.010514076925434372
0.0111370095551533
0.011825059056649476
0.012272175852941578
0.012541702152773301
0.012840343249408708
0.012997698340894153
0.01306551513160367
0.013141183026529585
0.013155037914989558
0.013147132738571118
0.013122116880018127
0.013092518312446004
0.013057093321503666
0.013014774624715775
0.012964800967012996
0.012906397693510461
0.012838368710261805
0.01275879475737825
0.01267000074305972
0.012612911645704092
0.012507756496252267
0.012392754299638747
0.012267478849121372
0.01213164926504717
0.011985033399598914
0.011862795815152488
0.011693695891667688
0.011513186143961117
0.01132106075288773
0.01111710957435975
0.010901115390371679
0.010672851103438673
0.010463809451553646
0.010209995096521715
0.009943140477719162
0.008340328761709544
0.005966874498419344
0.004702998549777102
0.004028746872268972
0.003579928010087367
0.0028800093426618353
0.0024293691037629915
0.0019770969747171527
0.0015241718836324775
0.0010715426106178909
0.0006451776019067379
0.00019554683495537519
-3.6902386800163934e-5
-0.00048450420209275857
-0.000725310711338476
-0.0011677091651009649
-0.001391732802584678
-0.0016433881301232871
-0.0018996586183180934
-0.002159833732174609
-0.0024232107731695465
-0.002689099056927563
-0.0028159894114095987
-0.003073628036705628
-0.003350885141087566
-0.0035140848117362926
-0.0037979782823477208
-0.003985905157995929
-0.004273890448770354
-0.004484128310817933
-0.004757900161781205
-0.004988411436983116
-0.005234108611279579
-0.0055260765606027
-0.005788663940460999
-0.006076609206259344
-0.0063537738878518555
-0.006620495160235087
-0.006892697289388375
-0.007159045982968756
-0.0074205959652558304
-0.007678189398673523
-0.00793256550019076
-0.008184403322907251
-0.008424007429818137
-0.008672896590859716
-0.008921094224675727
-0.009169181822662208
-0.009417730706051184
-0.009667304327698014
-0.009918459677624787
-0.01136336010585012
-0.013161577516782336
-0.014153351034128786
-0.015128604687784611
-0.016089640413815786
-0.016845276232841256
-0.01741856016062684
-0.017797166595875293
-0.017986520299204906
-0.018352506498841646
-0.01853905398470832
-0.018894192215210145
-0.019084856331017322
-0.019277711301972502
-0.019472201505529987
-0.01980067062961837
-0.019989010059479836
-0.020177208114410688
-0.02025538678276719
-0.02044968151372477
-0.02064021422807735
-0.020830652677978775
-0.02094509674152747
-0.021137374800037207
-0.0212731093423491
-0.021464661577178825
-0.021619298685233098
-0.02180663575633073
-0.021976217392856465
-0.02215315670309313
-0.022317208702920463
-0.022469006422569947
-0.022609831991073887
-0.02274050779258233
-0.022861677693705562
-0.022973885980540634
-0.023077610999787026
-0.02317328199435008
-0.02326128849789263
-0.023341986483039607
-0.02341570380873974
-0.02348273532725671
-0.023543216675105907
-0.02359715866585474
-0.023644955357037676
-0.02368689358046912
-0.02372315506062742
-0.023763381640436867
-0.02379044744782221
-0.02381224063260545
-0.02382886127834226
-0.023840395700597507
-0.023846917434564012
-0.023848488670665472
-0.023845161939405418
-0.023836981957160917
-0.023823987587650454
-0.023806213890279485
-0.02378369423348921
-0.02375646245455332
-0.023724555049283065
-0.02372072009598846
-0.02368113041713563
-0.023637006638992895
-0.023588417321744642
-0.023535444705779368
-0.02347818680665673
-0.02341675946038804
-0.02335129833427765
-0.02328196088178605
-0.02320892824307181
-0.023132407085607903
-0.02310195706807722
-0.023020588578354293
-0.0227177291620422
-0.021115497434125576
-0.019867448229277128
-0.01935318550575915
-0.01884750949299852
-0.018350414840820187
-0.018344496337343422
-0.01792705236174918
-0.01788192837646358
-0.017418929877729507
-0.017080418046774595
-0.016935724797165812
-0.016602953324677622
-0.017062307921398942
-0.016702566732038335
-0.01669426828148194
-0.01684454631590997
-0.01675527286009786
-0.016761487885603058
-0.01691332186130078
-0.016927099064273792
-0.01740346217252132
-0.01710232009856929
-0.01757463698107075
-0.018040185423484883
-0.018072389077444687
-0.01853149820803732
-0.01865544369611505
-0.01873031208658265
-0.019178102402522774
-0.019616424844796063
-0.020044848692070818
-0.020462891625016483
-0.0209572893340126
-0.021304291596466643
-0.021710651762309813
-0.022122105910509154
-0.01916795650077551
-0.015621054127319036
-0.013166601489542039
-0.010909025331406147
-0.009015326671387713
-0.006975676175064827
-0.005440791266601238
-0.004574348564069055
-0.0029183336308259314
-0.001860971976827553
-0.0014236592031803706
-0.00040860147337044216
8.142957365963153e-5
0.0012556974941331355
0.0017938938816798307
0.0023543281247602574
0.0028265744761307512
0.0034278954297933535
0.004070834194116741
0.004216914788810971
0.004156838610484388
0.004222935291242859
0.004303406900572443
0.004397395313770257
0.004389118302370918
0.004502820377749258
0.004606585829952913
0.004702304026277201
0.00467528775634927
0.00476007224929743
0.004841337752984868
0.004919873055211304
0.004885505217168156
0.0049601625853276906
0.005033968004094199
0.004994982522821192
0.005067922759819051
0.005141147609263235
0.0052223556755918825
0.005175360653526089
0.005250485345297355
0.0053339157984691
0.005288880873541718
0.005367273387317761
0.005453987644326813
0.005411849350467337
0.005494041090558844
0.005584336383577356
0.005545328726618874
0.005631212689966851
0.005724803780100276
0.00568862503747859
0.005777610924521674
0.0058675022900498
0.005833462363018482
0.0059246157716306355
0.0060162874107547275
0.005983390882232165
0.0060755117059000325
0.0060427814541842
0.006134762334028643
0.00622649712250628
0.006192895892389602
0.006283560919462272
0.006248754857318675
0.006337745452283683
0.00642571012204442
0.006387946409236392
0.006473369977155542
0.006557335843997314
0.006515437759544777
0.006596005421711619
0.00655079259320717
0.006627292792534791
0.006578081346417935
0.006649685694967403
0.006718458147018261
0.006660407763812416
0.006528813065607878
0.006448367046897163
0.006485792261315183
0.006111053606191309
0.006013054513310761
0.006029925349122823
0.005511502190088433
0.0055138719600083185
0.005389025941579212
0.00496872814270086
0.0049491078386322135
0.004802901376008903
0.004360561889757994
0.004200409083059643
0.004151152240109048
0.003688096588677076
0.003507003178129399
0.0034358930216531573
0.002837678780341493
0.0027527993678169997
0.0026607511663634758
0.0024463925657328546
0.001942365873382844
0.0017165581406159462
0.0015983320899486755
0.0010815163354966058
0.0008390189349693232
0.0007034303219210854
6.532710229744458e-5
-7.999289592044089e-5
-0.00023083022274110115
-0.0008735474070780122
-0.0010324689566604866
-0.001305482920950318
-0.0014736933673434789
-0.0020097682807137087
-0.0022917758055773377
-0.002469563245141532
-0.0031094012995402437
-0.0032911014921902446
-0.003475762152025411
-0.004107347726833445
-0.0042940077641627685
-0.004811016708497509
-0.005102121716030554
-0.0052909570381596965
-0.005794370580148942
-0.006084236527353338
-0.006573367421828504
-0.006859247418223082
-0.007332128940651789
-0.007513432337352015
-0.008067467163592216
-0.008507183662208375
-0.008678615666820284
-0.00919499945273457
-0.009596846291107256
-0.009755719076939373
-0.010230042478272515
-0.0105898497297177
-0.011025179872720732
-0.011346433933786879
-0.011647729744474415
-0.012021510526235412
-0.012281609373910709
-0.01252067566715959
-0.012829617651609861
-0.013025195521924717
-0.01319171203485866
-0.013477613952731442
-0.013609685760080393
-0.013809854955015629
-0.013901659417315138
-0.013973677891455349
-0.01411363301144668
-0.014218696360550585
-0.014272874687543511
-0.014413380339064658
-0.014470219881940229
-0.01461072852827929
-0.014723846593677089
-0.014781548362483526
-0.014920413962521207
-0.014977401864132222
-0.015170561752969092
-0.015226050088935137
-0.015358727185690752
-0.015470476307049988
-0.015598880979161614
-0.0156489726152098
-0.01583223140346498
-0.015951704914966707
-0.016056684345619337
-0.016168761733606728
-0.016339510437988532
-0.016639866911266107
-0.016669256653183348
-0.016693929300170295
-0.01671321076246587
-0.014063446601502992
-0.013301146918401377
-0.013067522560548718
-0.013288367773910141
-0.012964173900886354
-0.013159940789267749
-0.013059221004099881
-0.0133597478758318
-0.013713661940539657
-0.014533245030500158
-0.015285607921322754
-0.015551650788538436
-0.015280881549071661
-0.014902597141506341
-0.014984140739157409
-0.014617324060601263
-0.014701360543725745
-0.01434374736040213
-0.014422508384256632
-0.014143212234535796
-0.01415055784542223
-0.013862315410214996
-0.013932290141893037
-0.01399749729509936
-0.013697931750396627
-0.013703552964720362
-0.013757392055758346
-0.013805791850232276
-0.013487441560567718
-0.013519571069148013
-0.01355099202741335
-0.013576655223717083
-0.013590906130287062
-0.013241705589532892
-0.01324983992270594
-0.013246006028732375
-0.013243205512437267
-0.013236401141781715
-0.013217418110653282
-0.013200068203076336
-0.013177666489856604
-0.013142843863091695
-0.01311066295214982
-0.013073799216901688
-0.013024231366965427
-0.01334410629496499
-0.013294154358794271
-0.013231213834908884
-0.013537120209330756
-0.01347522880971519
-0.013761969368594085
-0.013692810938460701
-0.013969436060996019
-0.014250173669168153
-0.014524818458299225
-0.015129495305385992
-0.015388316514514963
-0.015965411233677625
-0.01653602952252655
-0.01708787199305754
-0.017607960529178467
-0.018417993081291516
-0.018735940646470505
-0.018634630580698728
-0.018583176880619508
-0.016866002406283942
-0.015515476535058612
-0.014565854785476012
-0.013635290508127692
-0.013104513846408117
-0.012592976253227783
-0.012068949831548853
-0.011565354161921311
-0.01106599911129654
-0.010960526668143468
-0.010468725935325333
-0.010368705873118503
-0.009884384938758126
-0.00978931794639633
-0.009312250793033302
-0.009221481288695257
-0.009152817687098143
-0.009065130981602675
-0.008577317080714152
-0.008513587900573123
-0.008403434232662458
-0.008356247401701822
-0.007785638769701553
-0.007753494314371193
-0.007603014743999404
-0.007584082831582415
-0.007456096920218658
-0.0070319859366066335
-0.006954029410719883
-0.006863390247056225
-0.006815695698964691
-0.006754385004175825
-0.006737137872392674
-0.006322798155569204
-0.006306345276655386
-0.006335942392804761
-0.006348514077678465
-0.006523076677036168
-0.006680915356589271
-0.00638706479392533
-0.00655405912646491
-0.00676158566242412
-0.006941383734822449
-0.007164552052826977
-0.007231889152974125
-0.007060765777487188
-0.007153885486770814
-0.007213293863059403
-0.007312300660086874
-0.007374319300627126
-0.0071303777702952514
-0.007235569356878429
-0.0072374720673318085
-0.007313859888353673
-0.007384447703804908
-0.007118238749712303
-0.007138933866531218
-0.007194110250112005
-0.00724302023261998
-0.007037354494213273
-0.007041518865723858
-0.007157391073311146
-0.007196980543464489
-0.0073139909374810115
-0.007047447199047718
-0.007125885316385822
-0.007154986129873804
-0.00727674113501394
-0.007014994179546829
-0.007140514005119759
-0.007266365938384419
-0.007239245652831466
-0.007098985464923468
-0.007228344929977
-0.007239019859124879
-0.007367483991835762
-0.007248617195959284
-0.0072524791685345215
-0.007383128439835354
-0.007513199910686825
-0.007233331105437302
-0.0073653847645136815
-0.007496537100511239
-0.007479251233767866
-0.007401659876855228
-0.007533097402329864
-0.007663183150060324
-0.007633423938209913
-0.007576420064500638
-0.007705661799244595
-0.00783310552034212
-0.007789001752284247
-0.007752295838537591
-0.007877800716231034
-0.008001074394480957
-0.007895362210591485
-0.007878683795470418
-0.007998961419936845
-0.008116576545299469
-0.008038421571371905
-0.008041426210243601
-0.00815489305398311
-0.008265135249890221
-0.00816683951425758
-0.008268061038290987
-0.008297899354300324
-0.008402641578132818
-0.00850477500985963
-0.0084132230109252
-0.00851504358462115
-0.008575413508485723
-0.008679489183026232
-0.008833624299172994
-0.008706826431217106
-0.008809048028554119
-0.008908967496651387
-0.009007729184371439
-0.009104839376962404
-0.00895270935758206
-0.009043322973090765
-0.009131666759802431
-0.00921787611056044
-0.00930205707367239
-0.009384316472026378
-0.009202616129080668
-0.009281419366936626
-0.009365899035334553
-0.009442762081112843
-0.009514315791382554
-0.009306713501757085
-0.00921716690455348
-0.009276107255151468
-0.009333571528469729
-0.009389613165873075
-0.009266027793830484
-0.00902047421246784
-0.009065487117273226
-0.009109319231072669
-0.00895126924869076
-0.008987384321472882
-0.00881047635175498
-0.008839300517065043
-0.008556095712585345
-0.008353253981930564
-0.008373267930363453
-0.008152946801584113
-0.007921241673716295
-0.00792995356031466
-0.007353996844938698
-0.007093994257667556
-0.007091737654761788
-0.006817231444965189
-0.006532290596612851
-0.0058561588748218185
-0.005295201643948986
-0.004077282928417188
-0.003190767106710342
-0.001984453884553718
-0.00044008054410099286
0.0011317800489771845
0.005285882595793855
0.005353271708408944
0.005742349177263215
0.005761544748476564
0.005774464431383784
0.00578123882143919
0.005782015079335738
0.005776960208579554
0.0057662658259296454
0.006133733463489314
0.006080282228593251
0.006055981796852888
0.006027184417510959
0.005994302199124621
0.005957796265291714
0.005918161055272054
0.006277998631517138
0.006235089733829211
0.0061904555110538564
0.006144452750948774
0.006097362575532817
0.006049395340781353
0.006000701829284094
0.005951386578421223
0.006323488250948488
0.00627459521861092
0.0061973124356090765
0.006147786888887716
0.006097835275632135
0.006047482939155035
0.005996759644685652
0.006385801376130077
0.006335897399695528
0.0062857563354369725
0.00621106173142766
0.006160952599040054
0.006110864280164321
0.006060926697710718
0.006011300404428286
0.006421487396439606
0.006353232514240438
0.006307677322260867
0.006263761465159186
0.0062224531868064785
0.00617977652294657
0.006113268280855323
0.006042569295335588
0.006453080030602274
0.006350384688141914
0.006246371529960602
0.006107964227276621
0.0059960411896516404
0.005806822635549931
0.005670402002518158
0.005455835321278652
0.005294219291699208
0.005527720999277703
0.005342546902830201
0.005147673577659192
0.004834962693478369
0.004616264671181581
0.004388445234627441
0.004028597705148263
0.003778922683716779
0.004035335292317545
0.003769278239654392
0.0034975897297237065
0.0030762761824996857
0.002787144806592361
0.0024919981648517087
0.0021913392756106194
0.0018856846244865162
0.001575565220273857
0.0012615275392904998
0.001476568161438161
0.001157431441070692
0.000836094200484044
0.0006802833348526591
0.0003574041511925311
3.3909481322815816e-5
-0.0002895574373727955
-0.00044328811450615273
-0.0007645470461030021
-0.0021751988244098847
-0.003590528953617722
-0.004552379377923414
-0.005652764371973074
-0.006048275402843114
-0.006718860461097357
-0.007257259377240447
-0.00785900843386322
-0.008385479763747618
-0.008682052539195432
-0.008464953079239489
-0.008925225138770032
-0.009226221546154132
-0.009693615758151307
-0.010002835118581896
-0.01031599416570926
-0.010794346590596915
-0.011114894320685064
-0.0114399887258175
-0.011525430801923394
-0.01177983944134308
-0.01132244624621542
-0.011282721274259232
-0.011398140448865396
-0.011507618211480315
-0.01145101845804456
-0.011549441991047479
-0.01164227848844985
-0.011729690580668927
-0.01181184799632351
-0.011888922480871969
-0.011961083232302263
-0.012028492780606229
-0.011662191519081957
-0.01172037115932397
-0.011931967134250048
-0.012138612378360563
-0.012646877930471603
-0.013742256457838194
-0.013657245673937444
-0.013563652051164604
-0.013463620527673224
-0.01335700594484962
-0.01324368467520752
-0.013123565026731511
-0.012996584685584029
-0.012862708495963802
-0.01212514729969665
-0.01197728450087301
-0.011822634923698278
-0.011662083010185727
-0.011507328769282265
-0.011091964588536389
-0.010948991254472813
-0.01033094155822721
-0.010185687628098277
-0.009581030615662657
-0.00943264153969313
-0.008841875738163427
-0.008691080156377458
-0.008114893960607085
-0.007890992263479462
-0.0075975688508276564
-0.006911090653842431
-0.006633943725234209
-0.005826742318454253
-0.005249249336309397
-0.005055203975478807
-0.004863578699095291
-0.004674504027617316
-0.004144819224373645
-0.004022424147179597
-0.0038472373144489255
-0.0037241882970334484
-0.0035995919306261322
-0.003124656353813788
-0.003007865982006733
-0.002928260141431965
-0.0028070202308022887
-0.0026852204909610035
-0.0025630530190713986
-0.002467627266640727
-0.002366342337508173
-0.00199490977601647
-0.001911005653416155
-0.001803413126126205
-0.001701106504407748
-0.000992825015100483
-0.0008718528720082347
-0.0007549673027395119
-0.0006425059660346091
-0.0005336758110233638
-0.00042799719171698533
-0.0003251350451793409
-0.0002248382627744233
-0.00012691138776536477
-0.00017639249653850035
-7.518566233554289e-5
2.3990326901004085e-5
0.00012122290098151192
0.0002167639301708374
0.0003126923472949151
0.00042461870170723803
0.0005532732118253602
0.0006319265651181848
0.000693449964466177
0.0006854874062480362
0.0007467151136358731
0.0008044958143546249
0.000858626757635597
0.0009088413996877652
0.0009548015452173271
0.0009804821585063888
0.0010231221460619447
0.001058231467279107
0.001089601334066202
0.0011390929556486318
0.0012098360319608566
0.001301899171231721
0.0014147579133752032
0.0015475633207607269
0.0016992433542957464
0.0018019558570092978
0.0019817575762046684
0.0021011097599008314
0.0023059072961545755
0.00244030775221253
0.00258009886944401
0.0027250195858702243
0.0028747767472270904
0.003029047431537501
0.0031874812062496934
0.0033497022829853083
0.0035153115547304128
0.0036838885122824185
0.0037545445452133418
0.003926949070855198
0.00410117888558394
0.004173516693402542
0.004349655891778793
0.004526310894972749
0.0045981141605323855
0.004774426136619789
0.0048439482013233745
0.005018344801127346
0.005084281355235573
0.005255083663566477
0.005423008837995586
0.005481501807510051
0.005643134056511235
0.005800393629412084
0.005848204148841875
0.005994435906269763
0.0063362069457725744
0.006656498144591323
0.007175253307365177
0.007731665616124279
0.007753663828783408
0.007773080120244223
0.007789934706848143
0.007804266497348132
0.007816156024454077
0.007825462021711147
0.007832337111221102
0.007844862949588874
0.007839650371269675
0.00784028003662535
0.007838936334490443
0.007817848795346756
0.007789344928639246
0.007776980959754323
0.007709208808678425
0.0076571901029895435
0.007562326877686564
0.0062399516694943615
0.005343568320510576
0.004677197097026838
0.0033917436496010474
0.0025862240326528082
0.0022745421606424118
0.001933424792004844
0.0017846829784169567
0.0016786359983747532
0.0015757417225372844
0.001476183821100012
0.001380115338605114
0.0012876608807063665
0.0011989201891105337
0.0011139714471696516
0.001032873911146141
0.0009556704597489459
0.0008823904250113025
0.0008130518640619133
0.0007476631610591789
0.0006867286095695623
0.000629292492216615
0.0005757890285009767
0.0005262000240948388
0.000480503409156944
0.0004386738518513019
0.0004006832726696719
0.0003665012708816256
0.00033609547563718856
0.0003094318342036584
0.00028784878437735793
0.0002686224912242723
0.0002530295474584218
0.0002410310533638743
0.00023258731202043664
0.00022765794203802298
0.0002262019841172402
0.0002281780049608816
0.00023572440089892236
0.00024450010253584373
0.00025658270124059206
0.0002719298532942127
0.00029049928321458015
0.0003122488951608031
0.00033713688350468015
0.00036512184053247044
0.00039919971691801376
0.000433319455598268
0.0004704161591767556
0.0005104508850009205
0.0005533854949990031
0.0005991826706723043
0.0006478059089208587
0.0007030975775327795
0.0007573306251889193
0.0008142852829508008
0.0008739274711892872
0.0009362232757084559
0.0010011386438728116
0.0010686390047142905
0.0011434522462727074
0.0012160806110743487
0.0012912220772927352
0.0013711348894927292
0.0017137171175721842
0.0018111599797882027
0.00190995854967676
0.0020000127950159543
0.0026216020076116663
0.002702143826243669
0.002779213583080125
0.003375511569656036
0.003442365372823213
0.003511973835957147
0.0040813924886310875
0.00413336642849778
0.004181022931014451
0.004721583712431137
0.0047570172124384025
0.0052821905163986105
0.00529344251925132
0.005394551086470306
0.005923051581995721
0.005972817366335377
0.006548090748622877
0.006619137562116832
0.007139356848768415
0.007211051470935726
0.007812367498173801
0.007899089702812147
0.008462823867521627
0.008572672086527709
0.009202073751436612
0.009370577975305317
0.009957688309304968
0.010205841561696648
0.010936738257287344
0.011728237336621624
0.012288745791106415
0.013176535914367427
0.013210629942171008
0.013603428084803233
0.013993829005479255
0.014017566426988837
0.01437764617295224
0.014723204706783715
0.014735211334322571
0.01506119234214747
0.015384992063846347
0.015384472058974363
0.015675704464976768
0.015951959928647064
0.01621323798660806
0.016194554113172114
0.01644967715265549
0.01667624011913497
0.01688807961502194
0.017085329074656017
0.017043805117095634
0.017221914434769264
0.017400858654029273
0.017550991390918716
0.017687438958221332
0.01781044228690743
0.017605415562972616
0.017439903425736904
0.017395289937784417
0.01719552127385507
0.017062698773697794
0.017104721667534024
0.017082019796305817
0.017431382820721864
0.017206301730297396
0.016958143676922995
0.016704256515031556
0.016444788086401162
0.01617996895244767
0.015806956264701306
0.015548222080616732
0.015157069984124048
0.01386208776474211
0.01123498068087311
0.008142390710318725
0.0081145973899745
0.0080887760264162
0.00808461288810898
0.008062110289947709
0.008040902369576856
0.008020786975614383
0.008001571268066474
0.007983070387117605
0.007965106235378626
0.007968775474344433
0.00795145092075271
0.007934159034842063
0.007916738917675638
0.007899032179245442
0.007880882564312925
0.007862135816673835
0.007865265241858072
0.007844949322975466
0.007823589211907185
0.007801044547241536
0.00777718250333856
0.0077518806486229636
0.007725030242718913
0.007696539463111996
0.007690404998400371
0.00765851247890271
0.0076248133601635
0.00758927182216766
0.008930260888329399
0.011151462008346347
0.011508562666242367
0.011764847480630919
0.012020806558313274
0.012193130885934086
0.012454945103379668
0.012724599804451817
0.012891272795413687
0.013174726546026265
0.013499947075847006
0.013844043574677448
0.014205467260702473
0.014688959573748888
0.015422814639942297
0.017203270091787615
0.017183064625232034
0.017164093686419368
0.01714615179651888
0.01712921722907083
0.01711310375152436
0.017096565970699595
0.017057399513385224
0.01703953771229424
0.017021154507649426
0.01698359621251989
0.016964426219086705
0.016944535269988376
0.01693733061501206
0.01691622005168493
0.016894173648598205
0.016858868117185986
0.016835246219363373
0.01681060328434682
0.016776010556518187
0.016749759944759825
0.016722517041150242
0.016688852351487527
0.016660194325536806
0.016630669798776677
0.01660036617053288
0.01608377137950935
0.015427003036984917
0.014903095365591838
0.01462432486825272
0.014269008598729259
0.013825980940033672
0.01354939037640855
0.013455279404165474
0.013186265456114852
0.012959839167736999
0.012686447511180091
0.012414940302006728
0.01214554511538101
0.01210204383281593
0.011833959233877565
0.011568190933873151
0.011519165529692357
0.011245472450258481
0.010962866928433308
0.010902690448741858
0.01060790544646127
0.010304916135863486
0.010235279183237184
0.009920896628318611
0.009845631429263138
0.009520252916850233
0.009187460345943855
0.009103619029409002
0.008760616295336743
0.008671753118146384
0.008300149260569198
0.007921111152153255
0.007803957727655923
0.007414631200761735
0.007313508666239428
0.006915763142134252
0.006789176815363886
0.006383925763178755
0.005432078130862937
0.004901394636331373
0.004324876363648761
0.00397570661321112
0.0035058365762032726
0.0032972769907163683
0.0027162951104082902
0.0025129307240634425
0.0020338090519950247
0.0018433166854528878
0.0013325548774147649
0.0008376660784424822
0.0007071408087357382
0.00043535804584519776
0.00018062951625029246
-4.885617129081024e-5
-0.00019305204102530566
-0.00035067172405550657
-0.00047760182308797215
-0.000632924991910081
-0.0008200853728350676
-0.0009748809526575775
-0.0011630494934104726
-0.0013193694461519502
-0.0014758291788434094
-0.0015928444594109636
-0.001740560191987247
-0.0018552270501539403
-0.0019686036576504317
-0.0020806449175811816
-0.00222265135961465
-0.0023319329626712757
-0.0024397325028357028
-0.0025460004023133503
-0.0026506874097261203
-0.002784646270490628
-0.0028860720191725394
-0.0029857506312738445
-0.003113993818164472
-0.003210293767049117
-0.0033053880651191195
-0.003399143710509349
-0.0034910894490851117
-0.0035810990261264963
-0.0036691710231400326
-0.0037552982239060805
-0.0038394622700399536
-0.003921640985508554
-0.004001811952294366
-0.004079953727558224
-0.004156046190479989
-0.004230070619503773
-0.004302009694960926
-0.004371847487099255
-0.004439569420737049
-0.00450516227737395
-0.004568614157146007
-0.004629914458096065
-0.004689053848566062
-0.004746024235781786
-0.004800818729844273
-0.004853431602368479
-0.004903858239019327
-0.004952095085186612
-0.004998139584011933
-0.005041990105936387
-0.005083645868874117
-0.0051231068480354705
-0.005160373674323234
-0.005195447520228029
-0.005228329971166275
-0.005259022882522354
-0.005287528218398679
-0.005313847871857413
-0.005337983463828993
-0.005359936118346022
-0.0053797062113222684
-0.005397293089718543
-0.0054126947575075576
-0.005425907524370051
-0.005436925612560229
-0.005445740717088647
-0.0054523415154059795
-0.0054567131305200845
-0.005458836590317548
-0.005458688500955061
-0.005456241889849318
-0.005451472153595748
-0.005444383239137251
-0.005435105145435083
-0.005424136808596744
-0.005411850946918936
-0.00539580824499007
-0.00537474705488968
-0.00528976993973433
-0.005261699196652108
-0.0052302341029847555
-0.005094951202290949
-0.004991196759922204
-0.004870215333857283
-0.004797149605735927
-0.004757063679681782
-0.004644858702317882
-0.004607114362067973
-0.004587800730608811
-0.004572392249864553
-0.004559580487865357
-0.004545545594118623
-0.0045306233065169526
-0.0045152506195483486
-0.0044996587685621325
-0.00442245958988964
-0.00440670054899471
-0.00439097052163044
-0.0043752912377276
-0.004359672569334969
-0.004344117524632376
-0.004328625428050295
-0.004313193940108164
-0.004297820361854392
-0.004220591895011853
-0.004205281724380335
-0.004190026986853236
-0.004174828721164468
-0.004159689225733773
-0.004144612003742788
-0.004129601669135525
-0.004114663829403565
-0.004099804955834486
-0.004085032248295477
-0.004008236834826745
-0.0039936331607597275
-0.003979141711168895
-0.003964771275630166
-0.003950530723067267
-0.003936428887100357
-0.003922474453110414
-0.003908675851055343
-0.003895041151914256
-0.00388157796764974
-0.0038062102407793856
-0.003793102340358086
-0.0037801865359431233
-0.0037674676672022904
-0.0037549496547470583
-0.00374263541434887
-0.0037305267728071235
-0.003718624385389349
-0.0037069276548081028
-0.0036954346522133667
-0.0036841420373802435
-0.0036112318391009353
-0.0036003353698110903
-0.003589621514700293
-0.003579080554624169
-0.003568700997773138
-0.0035584695134718665
-0.0035483708684044143
-0.0035383878653798832
-0.0035285012847113776
-0.0035186898282085844
-0.0035089300656645675
-0.0034379017695693012
-0.0034281965704152984
-0.0034184609129815336
-0.003408662336515585
-0.0033987659883124625
-0.003388734556605609
-0.0033785281746381737
-0.003368104273299101
-0.00335741730994002
-0.003346418178243095
-0.0033350528548537982
-0.0033232599119027116
-0.003250461298956443
-0.003237553256908096
-0.0032239081146844383
-0.003212916104576275
-0.0031987834409935687
-0.0031838968501103192
-0.00316820167568849
-0.0031516518256786883
-0.003143158031769071
-0.0031256391937407816
-0.0030475827261374246
-0.0030281833082889844
-0.0030077616023358035
-0.0029862892798924426
-0.002978650382046758
-0.002955855153406726
-0.0029322939098607816
-0.002907609811713555
-0.0029007735519633484
-0.002899517382855276
-0.0028901374525530633
-0.0028131569219774833
-0.0027942845325495693
-0.0027829459639428476
-0.002814262550996383
-0.0028416256362837557
-0.0026865628916636335
-0.0026896749553789196
-0.0026918501964462434
-0.0026931247768135907
-0.002703520602439083
-0.002648076078440804
-0.0026491528778069514
-0.0025065527114339504
-0.0024722220060263995
-0.002471749734338213
-0.002503124861365754
-0.002501904761712311
-0.0024527448541831294
-0.0024504345172434755
-0.002401915804639274
-0.0023408709689680196
-0.0021978727763130356
-0.002192108877107637
-0.0021343367715387133
-0.002073083117107778
-0.0020084873539663187
-0.0019406767835510482
-0.0019088644607426772
-0.0018353591814526493
-0.0016502359901859629
-0.0014580374161898123
-0.0013151370210902963
-0.0011041129324042978
-0.0009282686899544292
-0.0006405614109130336
-9.560083916332184e-5
0.0001559010351643282
0.00019579614724547054
0.00023575701629835854
0.00032865528394407503
0.00032430182115358755
0.0003638247596659125
0.0004032334307834641
0.0005244391904439479
0.000561531955353678
0.0005983302445614623
0.0006347630482239759
0.0006245863989853254
0.0007112627266531563
0.0008169664418667957
0.0008490920441700444
0.0008805273175302897
0.0009112082199233212
0.0009410735955034169
0.0009224067194669742
0.0010110653137758473
0.001086266905414694
0.001110370172080204
0.0011334306475102019
0.0011554087693581947
0.0012287970219147938
0.001246896473878957
0.0012150469644290655
0.0012307237654633283
0.0012937021432137571
0.0013515647910970951
0.0013619578637917074
0.0013711394878804723
0.0013791026753927978
0.0014246795488144018
0.0014287696121140065
0.001382214993512254
0.0014308949032894103
0.0014312492435192658
0.0014623427437110146
0.001459061538940388
0.0014546695230882702
0.001449184553932214
0.001469362267575139
0.00146052684662971
0.0014961839508832583
0.001435717061038004
0.00142384581776338
0.001431838213829507
0.0014170677619681307
0.0014014783224785318
0.0013851034976737153
0.0014284921442591597
0.0014094846359974807
0.001389828671192336
0.0013695618767232479
0.001361098831319463
0.0013388007907916388
0.0012672401515976095
0.001286888028519522
0.001271976061820089
0.0012471742279929758
0.0012221049889025659
0.0011968079359366173
0.0011767282842628614
0.001150344783744125
0.0011652535302554615
0.0011386026296808696
0.0011119464558954737
0.0010871048284221594
0.001059932619390477
