-0.00040792314809952774
-0.00039157496942363046
-0.00039556557017236815
-0.00037879130726501954
-0.00037234019357015706
-0.00035510761113068925
-0.00035866143744469123
-0.00035178897576730275
-0.0003447829769050573
-0.00033723085945293205
-0.00032992278452338307
-0.00033287550189397744
-0.00032833802385742733
-0.0003293263752184666
-0.0003184569997246218
-0.00031856193471073115
-0.0003185985558324793
-0.0003303814118353759
-0.00033028799912481556
-0.00033011767390197133
-0.0003298689663171583
-0.00032954037580134617
-0.0003176872680220896
-0.0003171622743956249
-0.0003165541404748485
-0.00031586126890491766
-0.00031508203875039103
-0.00031421480905554445
-0.000313257923369833
-0.0003122097153210438
-0.0003110685153139971
-0.0003098326584185569
-0.00030850046984386023
-0.0003070703699140556
-0.0003055407438101175
-0.0003039100489540866
-0.00030217680526831473
-0.0003003396099730972
-0.00029839715297081163
-0.0002845434150049646
-0.0002943541690360857
-0.00029207540735429817
-0.0002896875668405119
-0.0002871899267087681
-0.0002845818209945423
-0.00028186257485432887
-0.00027903155542451536
-0.00027608862272087185
-0.0002730353375917863
-0.0002698773611177291
-0.00026662508664841543
-0.0002632834566867432
-0.0002598468589804981
-0.0002509725217743474
-0.0002486604548571681
-0.00024000839539572714
-0.00023149112965099918
-0.00023045701774856634
-0.00022225519628302275
-0.00021420288196301193
-0.00020630408650203715
-0.0002043897846307187
-0.00020820747712774836
-0.00020065748870824897
-0.0001932690345749398
-0.00019149322489496993
-0.00018434035487120828
-0.00017735260791097756
-0.0001818504007582283
-0.00018020210020399196
-0.00017357403161007875
-0.0001671107486560975
-0.00016081197647582122
-0.00015931282274876543
-0.00015324255831602795
-0.0001473340263866481
-0.00014158578873303812
-0.00014021831123140749
-0.00013468806223381892
-0.0001293129354761941
-0.00012799969110733583
-8.548756091049919e-5
-6.133522336664779e-5
-5.1351834240722384e-5
-4.526153975875461e-5
-3.209265072286957e-5
-3.982700501865297e-5
-2.7132159616478828e-5
-2.1865936845753428e-5
-1.2843762214703541e-5
-7.97380684419948e-6
-3.290239024323485e-6
1.2114402172958991e-6
1.4880627984917824e-5
1.1846040090360973e-5
2.0900645187853308e-5
2.9604619725510624e-5
3.5390503017735556e-5
4.092367693155565e-5
4.37343510592249e-5
5.239816106082252e-5
5.485342279552518e-5
5.718712512474722e-5
5.7195683026142736e-5
5.935567576859939e-5
6.140429286524406e-5
6.133073180753597e-5
6.128365211256531e-5
6.312164001807797e-5
6.37248079511929e-5
6.396962161866213e-5
6.590681417518777e-5
6.612934682848384e-5
6.63739737681214e-5
6.663863186978846e-5
6.335713443214009e-5
6.189223642326188e-5
6.34533681725152e-5
6.369914142150832e-5
6.398736608820338e-5
6.431145782752456e-5
5.8431268315783535e-5
5.888743044187325e-5
5.987627995728684e-5
6.404901075665533e-5
7.65237545511518e-5
7.289430442382172e-5
7.516861556818157e-5
7.791998120973789e-5
7.910190572208511e-5
7.639417047481313e-5
7.752963442185645e-5
7.522839739839127e-5
7.666170724860487e-5
7.801553965867073e-5
7.901864464106932e-5
9.575868139106243e-5
9.71000758014916e-5
9.392420799921544e-5
9.655864106966967e-5
9.757084549701534e-5
9.868082120384985e-5
9.95529217103022e-5
0.00010037235559392401
9.647331839160611e-5
0.00011410220089652924
0.00011558568674355711
0.00011694288355561056
0.00011831580535716253
0.00011710261425171056
0.00011884229192856769
0.00012062161860847617
0.00012282299964073068
0.00013116484047169175
0.00013349075753447446
0.00013575973762403672
0.00013860393899714642
0.00014289617527241116
0.00014483064074022987
0.00014807761875681896
0.00015082655537059934
0.00015418207276397372
0.0001580039842282675
0.00016136844567010458
0.00016424029282469566
0.00016765500955752944
0.00017111125068467616
0.0001743986334357512
0.00017862288598199895
0.00018166882133531823
0.00018502797581114826
0.00018847885779718792
0.00019168004347768037
0.000194872785909463
0.00019775447579780102
0.0001997658415554448
0.00020229750153595642
0.00020567884745840035
0.00020922730949767806
0.0002128335340518722
0.00021630015009840818
0.00021987159804029872
0.00022337777011068488
0.00022722223274062556
0.0002311100269175028
0.00023477715502225502
0.00023878492329866265
0.0002424659830701413
0.00024660492273646453
0.00024948649559681255
0.00025391193055893834
0.0002578349046759577
0.00026221563324267926
0.00026612582329657857
0.0002710369670774257
0.00027593461675496777
0.00028113878583433126
0.00028833458358123006
0.0002941700724684467
0.0003014749417941833
0.00030980740525272574
0.00031786565366113365
0.0003283958782097473
0.0003417141839017879
0.0003550044836261211
0.0003719192776464687
0.00038860423846923575
0.00039475708324832347
0.0004009004798772254
0.00041384644337478024
0.0004203353888912972
0.000426811302096821
0.0004315786501040286
0.0004379262268681851
0.00044424232337853133
0.00045987791512726463
0.00046859897615715953
0.00047532265610617343
0.00048200719988678346
0.00048864693429834
0.0005069621208460695
0.0005165548025332706
0.000523619032953753
0.0005306299793004517
0.0005405480679844599
0.0005618900949967561
0.0005693493353338082
0.0005801215849611421
0.0005876002976996838
0.0005986770537976018
0.0006233296771606331
0.0006352799066019683
0.0006433476319775236
0.0006556583191717151
0.0006682416605846151
0.0006967110811079185
0.0007102964598338997
0.0007191505637232407
0.0007331762457710891
0.0007475310627917106
0.000780236835005805
0.0007957388928228591
0.0008116139262384081
0.0008278745461131574
0.00083797763950919
0.0008821866535959576
0.0009001654628291478
0.0009112899066431344
0.0009299104353494907
0.0009489950411728235
0.0009999983957694396
0.0010208528056633369
0.0010335552807088976
0.0010551621505738046
0.0010773037897269554
0.0011358712988976834
0.0011599959267273917
0.0011745062832492297
0.0011994817030214636
0.001225052853414009
0.0012919535433414163
0.0013197016282082536
0.0013362176909900896
0.001364886591242267
0.0013941926087827174
0.0014701519628968172
0.0015017892097101582
0.0015204448391781874
0.0015530270403528407
0.0015862575595553964
0.001671910098394838
0.0017075656871394394
0.0017284000220195576
0.0017649630760416138
0.0018021463256075096
0.0018979934241673449
0.001920703367679564
0.0019605579020836182
0.002000984049252624
0.0020419588340542436
0.002130032919578421
0.0021730510483339636
0.0022165683645503976
0.002241250406712279
0.0022853649636849585
0.002382277416119431
0.002428380951373883
0.0024748780764936125
0.002500923997425014
0.0025478556731625733
0.0026541043712285262
0.0027030064645445478
0.0027303260263427122
0.002757434640905915
0.0028067939596774674
0.0028337856566450345
0.002974352727693284
0.003003037982449532
0.003031619066871011
0.0030601303970297622
0.0031125734089660602
0.0032417509756032994
0.003272523191119879
0.003303487496005717
0.0033597486804203464
0.003391697391728434
0.003534880715381979
0.003570065852421455
0.0036061414919743295
0.003643327909185888
0.0035142578454433076
0.003466961896287202
0.0035733766468109903
0.003570007842866464
0.003563009925191328
0.00352863093476437
0.00348919846978755
0.0035703249174412555
0.0035678920188492503
0.003552720379315646
0.0035384132050391166
0.0034717560082700902
0.0034862613819862313
0.0036014437393574682
0.003508017486920337
0.0035138758508723575
0.0033994510415628026
0.003397020050381473
0.003319610294666453
0.0034782794351490157
0.003322199914876897
0.0033054080618249715
0.003193987304173474
0.0031862981721642878
0.0030426034069232235
0.003028703051379227
0.002894218910230094
0.002869565590691912
0.0027129935319701462
0.0025879550503634732
0.0024048849275906258
0.0022052022550163096
0.002148191559647911
0.0019099512694819279
0.001833722786488446
0.001671632261608046
0.0016180245593743604
0.0015630344684381932
0.0015067047583300968
0.0014490820115598305
0.0013902110318651363
0.0011897079833643705
0.001123599610832341
0.0010561872469131409
0.0009875006940038191
0.0009175666808607266
0.0006771230616798952
0.0005988459449868272
0.0005191598433541591
0.0004380678852387573
0.00035556864946789386
6.757930314042498e-5
-2.4937835949145543e-5
-0.0001191613249882349
-0.00021512026758261423
-0.00031284771793360937
-0.000658337935418105
-0.0007684099727667435
-0.0008806850740052594
-0.0012715301429879618
-0.0013981227841936513
-0.0015274111926624116
-0.001969482882729379
-0.0021152137060827312
-0.0022641180243482524
-0.0027635907963768015
-0.0029310112342113646
-0.003477442162565043
-0.0036648783446890875
-0.004261374766943011
-0.004470075282131148
-0.005119493974403569
-0.0058052855575227115
-0.005260651325400763
-0.004449676216901794
-0.00334315058025836
-0.004646062678513202
-0.005544219558594523
-0.005819420706760623
-0.006121617927898604
-0.006444190098174291
-0.00678754021729978
-0.007148996345933302
-0.0075253085738195315
-0.007918389743148188
-0.008329736742349405
-0.008760716387730145
-0.009212629662805403
-0.009686744144194568
-0.010184315198671435
-0.01070660240608975
-0.011254883322146613
-0.011830465326960053
-0.012434695693573144
-0.013068969869000578
-0.013734737784416362
-0.014433507925239671
-0.015166848781534308
-0.015936387180209628
-0.016743802878385457
-0.017590818693451724
-0.01847918539929691
-0.019410660693123128
-0.02038698182278105
-0.021409832067498965
-0.022480802275404128
-0.02360135007957132
-0.024772761059702893
-0.025996117458456567
-0.027272280478367595
-0.028601890786818858
-0.02998538862639809
-0.03142305052105093
-0.0329150356453245
-0.034461433100352754
-0.03606230225844917
-0.03771770129923926
-0.03942770259353206
-0.041192396388498066
-0.04301188572910361
-0.04488627583170595
-0.04681566065984221
-0.04880010869166045
-0.05083964917165621
-0.05293425943093294
-0.055083853668707404
-0.0572882731384583
-0.05954727767722473
-0.06186053842108038
-0.06422763154458776
-0.06664803287380874
-0.06912111324426919
-0.07164613449980818
-0.07422224605168061
-0.0768484819378954
-0.07952375834000389
-0.08224687152846476
-0.08501649621862925
-0.08783118432792257
-0.09068936412976435
-0.09358933980793958
-0.0965292914120606
-0.09950727522272494
-0.10252122453235912
-0.10556895084917114
-0.10864814553112402
-0.11175638185600956
-0.11489111753248868
-0.11804969765543603
-0.12122935810714645
-0.12442722940397809
-0.12764034098587043
-0.1308656259439159
-0.1340999261788175
-0.1373399979701552
-0.14058251800748806
-0.14382408971130384
-0.14706125003695336
-0.1502904765848821
-0.15350819505854948
-0.15671078703575433
-0.15989459802743644
-0.16305594579600835
-0.166191128903399
-0.16929643545725515
-0.17236815202219638
-0.17540257266163242
-0.17839600807446807
-0.18134479479003063
-0.18424530438378106
-0.18709395267516563
-0.1898872088731922
-0.19262160462130962
-0.195293742916766
-0.19790030685614388
-0.20043806817381887
-0.2029038955359614
-0.2052947625544099
-0.20760775548591376
-0.20984008058363346
-0.21198907106933204
-0.21405219369640244
-0.2160270548757395
-0.21791140633844172
-0.21970315031142126
-0.2214003441841661
-0.2230012046425689
-0.22450411128028672
-0.22590760960241024
-0.22721041350352245
-0.22841140713757233
-0.22950964620027178
-0.23050435861263496
-0.23139494460103846
-0.23218097617082947
-0.23286219597193988
-0.23343851555612002
-0.2339100130262746
-0.23427693007889713
-0.2345396684407265
-0.2346987857004691
-0.23475499053566296
-0.23470913732420848
-0.23456222019330358
-0.2343153663615768
-0.23396982895106758
-0.23352697911917497
-0.23298829755033013
-0.23235536527853196
-0.23162985381665543
-0.2308135145641523
-0.2299081674610201
-0.228915688853344
-0.22783799853520945
-0.22667704593455906
-0.22543479541829076
-0.2241132107067743
-0.22271423841284593
-0.22123979076675238
-0.21969172758999192
-0.21807183782466943
-0.21638182076154502
-0.21462326752235852
-0.21279764337176874
-0.21090627170796603
-0.20895032082947793
-0.20693079485461546
-0.20484853044661855
-0.20270420123075703
-0.20049833192057284
-0.19823132412482464
-0.1367381537587965
-0.06781024725190625
-0.032661690532335134
0.0008242643452721599
0.01923760586532659
0.039662489157154215
0.0539939367666956
0.06763786718910589
0.07754978146996891
0.07881951221172692
0.07828202922880603
0.07762168373329274
0.07802570478062631
0.07706139091021223
0.07601160442873564
0.07488642033151967
0.07369527421890144
0.07244695753236813
0.0712043773239149
0.06929131922366576
0.06799447814840602
0.0666662522399246
0.06489448682352897
0.06357934562409961
0.06191692383809752
0.060739345104628056
0.0591934664632519
0.05771620880153447
0.05649534299008978
0.05512031733937223
0.053972268277637896
0.05273030731518565
0.05154707335851356
0.050458640778718124
0.049356487374393104
0.04830983561854869
0.04753015216936236
0.04657641392801503
0.04565695289183048
0.04476725019955398
0.04416772046626288
0.043343685958153154
0.04262829790060935
0.042031926060662916
0.041408389087850196
0.041161656320260906
0.04049258618188274
0.040492798400321
0.039851675488491244
0.039584911170527294
0.03928465834878947
0.03873481414159027
0.038203224169251045
0.03863199606516517
0.03812739241857238
0.037639189278028375
0.03759677045297282
0.037148463622234874
0.036715470905953417
0.036297570994056276
0.03636629345349353
0.03654482649059159
0.0362033752240365
0.03638170250701549
0.03607813832978061
0.03578956167838641
0.03551604508465961
0.03580335721478194
0.035568082250313875
0.03534797300858826
0.03572082220570967
0.03553864003251387
0.034553711824377394
0.03498681577040292
0.03483263803090444
0.03469258257119039
0.035206257175125474
0.03510077379977892
0.03500830433136594
0.035598120490396484
0.03544930982085569
0.03541730299758573
0.036094508532240555
0.03609029067609788
0.03609514391993367
0.036836361551388995
0.03686826610162224
0.03648469949566582
0.036513796400890676
0.03654908449689494
0.037208686287267374
0.0370119087136926
0.03877139057817892
0.039315105897298336
0.03840074263026718
0.040031071715372624
0.03838548333911828
0.03804570912963017
0.03949711721554238
0.03903955721202062
0.03849577168348041
0.038657630857673216
0.0377338137285114
0.038833351275105336
0.038206047108536534
0.03763133523652678
0.037268520172718145
0.03673982425404359
0.03624230367870824
0.035773391992767335
0.03536756450133172
0.03491621760635591
0.03448793449653159
0.03233543909647729
0.03192870884373339
0.033187487544035575
0.030994409654643444
0.030606114462518458
0.03023428545853903
0.028008076911096025
0.027645853187486115
0.027297746057120528
0.025032760093782636
0.024690306752525048
0.022391155713902603
0.022052611537915268
0.020316557603591207
0.01800073275539495
0.01770419370959005
0.015355970146862206
0.01506422320227502
0.011427768508940976
0.011172482808290677
0.008795894243013365
0.007398344504572864
0.005029007354967624
0.002640862290443774
0.0013964937570968442
-0.0009785977046443562
-0.0011364288604045736
-0.0043686309128403945
-0.004592033272278813
-0.004840671055724606
-0.005872131866888732
-0.006093556987511096
-0.007002271645064678
-0.007196796779802677
-0.007980647951363917
-0.008148516066949864
-0.008324149598762492
-0.008947323182526041
-0.009097080923833519
-0.009592513479732043
-0.009716853182809234
-0.010084514453408674
-0.01018454124409152
-0.01042593103320497
-0.010504593490044945
-0.01062482548706696
-0.010697199117270857
-0.010794808093291574
-0.01090573700702011
-0.011025627293105345
-0.011151497052946109
-0.011280999484679165
-0.011412159016096348
-0.011543248181637905
-0.01167272124896869
-0.01179917516403875
-0.011921325229521775
-0.012037989359200368
-0.012148077601522577
-0.0122505850272182
-0.012344586821793114
-0.0124292348462342
-0.012503755181004397
-0.012567446324832659
-0.012619677820510575
-0.012659889146737165
-0.012687588758419866
-0.012702353204762084
-0.012703826231469147
-0.012691717865809356
-0.012665803419174412
-0.012625922396481403
-0.012571977293281406
-0.01250393226879015
-0.012421811687032604
-0.01232569852136801
-0.01221573262005125
-0.012092108832343363
-0.011955074996120741
-0.011804929789037672
-0.01164202044612836
-0.011466740347348257
-0.0112795264709122
-0.011080856765059308
-0.010871247321304905
-0.010651249515378897
-0.010421446998515214
-0.01018245259179653
-0.009934905079165795
-0.009679465902464018
-0.009416815761405684
-0.00914765112088159
-0.008872680627386659
-0.00859262143571881
-0.00830819544638216
-0.00802012545335912
-0.00772913120109859
-0.0074359253487001715
-0.007141209337149942
-0.00684566916302989
-0.006549971035472459
-0.006254756935001279
-0.005960640048736951
-0.005668200081225636
-0.00537797843023494
-0.005090473216751265
-0.0048061341569054184
-0.004525357261815117
-0.004248479349275919
-0.003975772348707222
-0.0037074373775814948
-0.0034435985634467155
-0.003184296580205012
-0.002929481859985822
-0.0026790074406473265
-0.002432621333937628
-0.0021899584650574033
-0.0019505318972885693
-0.0017137233292366409
-0.00147877260899035
-0.001244765993020475
-0.00101062275084876
-0.0007750795391028985
-0.0005366716944590958
-0.0002937101583569152
-4.425202434287252e-5
0.00021393855164943598
0.0004834446322206415
0.0007672760536420602
0.0010689941722951688
0.0013929260489458125
0.0017445853068043617
0.0021317206111747464
0.002559788935166122
0.0029812824295190003
0.0033721618764723975
0.0035529277866250463
0.0038167548596673446
0.0037424960927073593
0.0038655897401710746
0.0035180645194906246
0.003510702310642481
0.0028969494696957083
0.0027334842357324795
0.0025854905335508595
0.0015890491427995239
0.002456407960574721
0.0008640814917634717
-8.494057814390861e-5
-0.002086434391586087
-0.0030431783106358167
-0.005317937462674563
-0.0065555280702072095
-0.008919785321676336
-0.010287062209071003
-0.012873760690872404
-0.015830944809497663
-0.017401611916544685
-0.020342885388537003
-0.02367542063557875
-0.02541850082451144
-0.028665871174786632
-0.03231901298804829
-0.03388039082049736
-0.03769015141844304
-0.04125411581887701
-0.04772169179212713
-0.049700143168649846
-0.05339717204717902
-0.05752165557030611
-0.06128954107649303
-0.06329194311540162
-0.06705938593098043
-0.07081608697898815
-0.07736588231055905
-0.07881676437869901
-0.0829585416232468
-0.08432709215206494
-0.09017284134234413
-0.09418727820731758
-0.09763041426584688
-0.10766077619306112
-0.10704522888811017
-0.10588181677854566
-0.10470559840001199
-0.10346869778147366
-0.1021514467079062
-0.10075864070609224
-0.09929745257644837
-0.0970900239768673
-0.09549315654486466
-0.0938430827529611
-0.08539952911091088
-0.07975215123892994
-0.07335657939370735
-0.06891631713380715
-0.06337964071482462
-0.06079120402544715
-0.054416377011734754
-0.04899964058952358
-0.04632871651797356
-0.04099758044601165
-0.03828763080231008
-0.033055476119348316
-0.03132818202095515
-0.027836269790991946
-0.022775437757014863
-0.02108664090750473
-0.017695800114097802
-0.012824990263905756
-0.012203946655928817
-0.008932114924914959
-0.005699704155166528
-0.0037085654843125914
-0.0005670330466327644
0.0015451290679179143
0.003047185042371345
0.005102194684254107
0.00808449916729735
0.010066638899557438
0.01203915377746333
0.01364145770090561
0.014064417706956253
0.014476880263560506
0.014879868084621571
0.016159101380785492
0.016529273270576347
0.016888653126658486
0.01723677375823531
0.017573166967424492
0.018727040146810182
0.01902641207876398
0.019312749807534033
0.01958586951177062
0.019856642778440778
0.020130178070269372
0.021175370237863714
0.021333470226939388
0.02147252544329537
0.021592193891031182
0.021692005615996858
0.021771443978968297
0.021830184221471417
0.02186869567593707
0.021888624585203544
0.02189192661208495
0.021880034666943413
0.021853908612338966
0.021814257391090594
0.02176166540305281
0.021696654555134445
0.021619717561213395
0.02153133957073232
0.02143206362920892
0.021802741897031696
0.021708472437271163
0.019676050411479566
0.01865353493669854
0.017632421335050368
0.016972379095285674
0.01595924483801577
0.014950185071305497
0.014795192233003674
0.014097144970673853
0.013208436353272936
0.01254929672425051
0.012260164536709854
0.01159933425375364
0.011013901208323237
0.010369259827330477
0.010002632130879022
0.009366936761815265
0.00877070698028056
0.008359224982528826
0.00810415573002518
0.007285662564659093
0.00704384219986738
0.006921915075232103
0.006676453078818368
0.00615452152232412
0.005980912431524084
0.005787038809077561
0.005574767963379771
0.005346511106876585
0.005492683130068384
0.005648251576840146
0.005445827139851314
0.005621941130053264
0.005821755370996398
0.006016178390686611
0.006215363832873092
0.006447555717975056
0.006660969232464136
0.0068757181177646004
0.007485022532653632
0.007707627628749466
0.00835164316998163
0.008633672096644247
0.008937637401587808
0.009563876371272198
0.010288938443687938
0.011319108014421582
0.012467545517882827
0.013688997214973797
0.013735702612448565
0.014196696799812988
0.014233673056203175
0.01472316924847395
0.014819670740354793
0.015338321646943416
0.015871741579056606
0.01600693551998111
0.016521900295127265
0.017099948565342696
0.01727232379233238
0.01788148195642848
0.01850775707433784
0.019151821509549537
0.01980858261159658
0.020807432295836804
0.022432788272813836
0.02457426086550009
0.027245740613593004
0.027689069951226067
0.028138721452534238
0.0285944537028122
0.02905608613231511
0.02952351401799952
0.029996731393134
0.030475869481880257
0.030961269378412516
0.03145364763856858
0.0318739198246615
0.03237615614419808
0.03285418015012904
0.033303672859628757
0.039538743550161966
0.0433682776116992
0.04704612104260013
0.05142844188784327
0.05275675292991768
0.053146626382975855
0.05339020149330388
0.053814558844800874
0.05405135838811268
0.05450033690163222
0.054965860374655326
0.05544690068217743
0.055670610497984864
0.05616562162843947
0.05667331255310711
0.05719299024820313
0.05772400633735333
0.05826575161596157
0.0588176519029892
0.05937916472847939
0.06005965012766508
0.0606401293767928
0.061228759270378574
0.06182510241199184
0.06242874801318348
0.06351914063698665
0.06415380442898075
0.06479505039291461
0.0655623033399831
0.06676151059665641
0.0674445905942693
0.06870497818244466
0.06941370956957964
0.07072406896876055
0.07206659681073121
0.07344224914761481
0.0748513708619424
0.07693501806189303
0.07842316689959979
0.08194383853480917
0.08368272340872528
0.08464537640656386
0.08560696823068
0.08656767743864928
0.08752677545706573
0.08848350347571186
0.08943707927512741
0.09038670095978665
0.09133155055122978
0.09227079744018793
0.09320360168563675
0.09412911715920087
0.0950464946756543
0.09595488550325605
0.09685344848538764
0.09774138327294703
0.09861790410224303
0.09948215220860833
0.1003333040158502
0.10117056974231592
0.10199318086618692
0.10280038883515978
0.10359146731098719
0.10436571464228189
0.10512243811424002
0.1058608150451863
0.10658584263784844
0.10728077745855052
0.10794647669527414
0.10858970196769553
0.10921599502264902
0.1098221755865518
0.11054836418630536
0.1111097788972623
0.11164786176288018
0.11216216180444934
0.1122635766596063
0.11184872013071034
0.11155969504893046
0.11173247839075214
0.11159117163953478
0.11182749848270403
0.11188810166069516
0.11191189621188526
0.11222832461753891
0.11218620298964498
0.1123805865714042
0.11261040095114382
0.11296294757167712
0.1131618346634983
0.1133441316487785
0.1135329179809535
0.11368207574154254
0.1138141568859959
0.11406337178459088
0.11416048458428787
0.11423959864954983
0.11432819952947293
0.11437066987557641
0.11452587017358211
0.11453008112386721
0.11454647728071495
0.11451155058536316
0.11458534695499925
0.11451002149819424
0.11441416875211265
0.11445963625215044
0.11432271263145644
0.1141648999844942
0.11402605438757062
0.11394951122097559
0.11372927166559843
0.11353186181905701
0.11339002355496754
0.11310789625255145
0.11296937586729394
0.11264695029493114
0.11241782901926445
0.11210729065556113
0.11183632860303006
0.11149159526209808
0.1112388211565016
0.11080328949073395
0.11051596534151562
0.1102123151598474
0.10989303824727173
0.1097248377878276
0.10946004064074442
0.1089326517887695
0.10839238231787075
0.10784022492333668
0.10727725799647587
0.1067046561135768
0.10612370388420359
0.10553581483191836
0.10494255792101477
0.10434569632133575
0.10374724694597968
0.10314957816220545
0.1025555860252509
0.10196906306899767
0.10139572611765658
0.1008143083666719
0.09996248623647704
0.0988960623083272
0.09795193823006607
0.0966955850482401
0.09553554248155514
0.09428141581723323
0.09293246653413163
0.09185432238421422
0.09035232490459022
0.08917880291980085
0.08796890771892626
0.08672348959240775
0.08544351222848078
0.08413005451091314
0.08328640626623253
0.08192715837471116
0.08053762372915241
0.07965929572347781
0.07822923284920963
0.06260340398577198
0.057471020288737296
0.051909325788898834
0.04704589388902785
0.04344064225455039
0.04092402676811926
0.03847199376288624
0.03608417370959239
0.03376065449439349
0.03150740457855
0.030308101353141954
0.029108818290652937
0.02794621380014519
0.02741394552118743
0.027105491850690906
0.026026304310791823
0.026323895220207772
0.02529377421618158
0.025602802250551553
0.024621583310741258
0.024943323570590325
0.024606722206042014
0.024346432883336076
0.02468121860188716
0.024410438172289425
0.024761726944251657
0.024515920917903763
0.024313001692674974
0.02468438073899989
0.0250587587484697
0.02543688169635577
0.025819504713477562
0.026207396423127065
0.026601343398208455
0.026550319577576312
0.02657120955550876
0.026359168566749944
0.02612546783311008
0.025882013515025677
0.025628969546889667
0.025366570231003426
0.025095132944601733
0.024815071044841163
0.02452690758027166
0.024231285855578225
0.02392897143285416
0.023620840016056126
0.023598727105882688
0.023271441876412724
0.022941571630669476
0.022610028077916594
0.022277616446342244
0.02194501420881523
0.021612766230368806
0.021281292117967112
0.021166520020298434
0.020829535795406365
0.020494331926926197
0.020160986049135934
0.019829524372588492
0.019678356928846816
0.01934438895739036
0.019012525194179494
0.01884194310638485
0.01850879606111521
0.01832500388494698
0.01799141728570003
0.017796086122269364
0.01746276162036997
0.017257420445834823
0.017044249185030728
0.0168235769698683
0.016596516938391145
0.016378022436097837
0.01623505207327681
0.01608436949147279
0.014574760126536673
0.013380846705737994
0.012609452696508624
0.011430822211699368
0.010693686508798182
0.010249867938639436
0.009545855516207413
0.009363873880715919
0.008674714160496162
0.008292615147869562
0.007727985789333458
0.007075604942589465
0.006739625384407787
0.006566274468684009
0.006237335737588165
0.0056638107604480735
0.005324450946727271
0.005078075620043798
0.004764403745361023
0.004392845626039541
0.004083604288864807
0.003692822670064454
0.0031192122272949356
0.0030726355489356038
0.0026598480613576965
0.0023956846700926688
0.0021257226922629558
0.00201133923535451
0.0014166315116393015
0.001271759804812285
0.0009894090672701963
0.0006749239062673389
0.00048128399893759626
0.0001836260225892164
0.00015942528517985202
-0.00018723494387533026
-0.00042840891447129873
-0.0004828138288085489
-0.0005108589319497002
-0.001104189374988502
-0.0009311704351938194
-0.0007031040420552145
-0.00020777985852035724
-0.0008168685678116067
-0.0009903182078652754
-0.001273230564657102
-0.001267062620556823
-0.002147046081861093
-0.0020120896100671733
-0.0022490646632027027
-0.002081749627985382
-0.0023869538517776565
-0.002524506262342923
-0.0023102479605885892
-0.0016470327451316746
-0.0013048988210189873
-0.001444096064678697
-0.001906759864873092
-0.0020340439306878876
-0.0025485615777026847
-0.0026694404025202965
-0.0027832459885001777
-0.0033026825425982315
-0.0037375161732242316
-0.0038347518943299655
-0.004354789680443946
-0.004441104957571235
-0.004960695022129944
-0.0050344321148917265
-0.005428059583278546
-0.005940485416123234
-0.005989670992652351
-0.00649622664712655
-0.006528827628762718
-0.006550119778119895
-0.007041767892544572
-0.00737338269976538
-0.007854096482914342
-0.007836299197188012
-0.008304138931053527
-0.008264641955476779
-0.008717903119811734
-0.008983673334039327
-0.009420900597204141
-0.009334531943723587
-0.009754429979166264
-0.009643231481036452
-0.010044809008790234
-0.0099081581995606
-0.010290705879583653
-0.010455034922905358
-0.010818153050267993
-0.010629725156693018
-0.01097328509334788
-0.010759036154757215
-0.011083233234531578
-0.010843574419489412
-0.01114891191614061
-0.011209378146917628
-0.011496652255351326
-0.011208505541292577
-0.011478838778591403
-0.011168190738747365
-0.011422991651584294
-0.01109138021722288
-0.010749053334985551
-0.011303867634783976
-0.010943405320592653
-0.011165098049332358
-0.010788783643082018
-0.010404677204954194
-0.01061241751190792
-0.010216368300573302
-0.009814699448965064
-0.010333767449165495
-0.009924595736481452
-0.009512270095741538
-0.0090977016439801
-0.009296880856594908
-0.008881850455513719
-0.008467432576957245
-0.008676742831557043
-0.00858302000082007
-0.008177689588760662
-0.007777251795683449
-0.0073828731922367585
-0.007626481559517405
-0.0072487215251608485
-0.006880669242500984
-0.006523629694252005
-0.006489746491103919
-0.006158647581906033
-0.005842705408631475
-0.00618311295408976
-0.005902522219251282
-0.005641604384797362
-0.005401999905583953
-0.0054913424413711555
-0.005299436464566473
-0.005134327395681643
0.002905118696209141
0.007609623133634203
0.01154293263803963
0.014146233072573927
0.016251090706612497
0.018567509988171665
0.020264117321194437
0.021933593283821835
0.02356538769742559
0.024856029788643503
0.025875196100097426
0.027373817071301806
0.02833768461449909
0.029198999061042404
0.02927256486783353
0.029351351034833283
0.0294461232920437
0.029272822593188304
0.029398775331038716
0.029539584143337135
0.02941761018148239
0.02947496861766335
0.02900244828386476
0.028728014279591173
0.02858990637363863
0.027893766175651192
0.026831762814297708
0.0269768131071875
0.027131387245114026
0.02729485712268158
0.02746658709089517
0.027645939543132027
0.02783227672634917
0.028024961744313875
0.02822335917189588
0.02842683541451405
0.02863475760757055
0.028846418033415103
0.02905798896418723
0.02902576900910051
0.029030764180365928
0.02904724788271425
0.02907297767890074
0.029107587741996042
0.029150693022175773
0.029201885123322568
0.02946512669457281
0.029526619336142257
0.029789948436581618
0.03005031377872164
0.030122259971977178
0.030380497178680008
0.030634635437654337
0.0307139067321998
0.030963816980753858
0.03120856215755176
0.03144779982330782
0.03153052559105028
0.03176134937442785
0.03196810776349276
0.03162932489630839
0.03129513557793951
0.030346829507486718
0.029985788647590883
0.02961190534169766
0.028618052424423168
0.028217007454911784
0.02719128364240209
0.02676415382924088
0.025708083311068018
0.025258147058601185
0.024176693020231024
0.02308197555504516
0.022960539488974852
0.022194566467641685
0.021698326899306113
0.021544969334628725
0.02040279530059374
0.020284713296102316
0.019766005945985897
0.01958640193479115
0.018433172623335294
0.01825042451240177
0.017732459976514868
0.01754839039111799
0.01765554738769062
0.017483547961697925
0.016971308477670914
0.016464418651180052
0.016285111603879906
0.01638613010762639
0.015893292665551697
0.015723338434662438
0.01582123693317476
0.015345085360630744
0.014877475763209738
0.015284247709741954
0.014828471589438758
0.014922735203412666
0.015011645159929091
0.014876253806977364
0.014963403868764743
0.015045527624815752
0.014625075249351742
0.01470653796903651
0.015080322745716393
0.015152404959309286
0.014756927041142185
0.014829491872136372
0.014897941013764949
0.015252479486704506
0.015312909757509204
0.015787319056998178
0.015831549707819997
0.015872465854816893
0.015541912549828273
0.0150840879422719
0.014659415623143268
0.01403279830713455
0.013730480533627128
0.01304410432282465
0.013198864660728931
0.012732715783882855
0.012573341425679887
0.01239121477884722
0.012187954688007355
0.01196125865165646
0.0120026945969362
0.012033486615157301
0.012049586591240016
0.012051607099371416
0.012040170123818196
0.012015905800991931
0.012239346671725737
0.012450575957269058
0.012388775200868509
0.012471240766242493
0.012625798512629322
0.012771033566770671
0.012655233573440196
0.012865588430858272
0.012718223489589054
0.013100228031287998
0.012923916015804254
0.012964303073707665
0.012790343889265874
0.013042828211431224
0.013068484743779469
0.012902066827874795
0.012950405159521424
0.013042892588195704
0.013109181321624985
0.012998425972090909
0.013302222791829256
0.013215711607322067
0.013310942765322034
0.0134619087914363
0.01356903244667275
0.013678895972990232
0.013851759804994188
0.013971324788451275
0.014156244968123372
0.014283897413568844
0.014604529991032806
0.014798006748179285
0.014940494268002029
0.015245474850704552
0.015531003162194159
0.01580964830195558
0.015924405753990265
0.016346320475962177
0.016604309209651773
0.016855327069847666
0.017099272119021187
0.017335991899350374
0.017674976910584273
0.017890039217416883
0.01818770404253534
0.018458382600489053
0.01863524753139684
0.01886254618044232
0.01906096706660723
0.01928298010119206
0.01949458582915733
0.019668284664383705
0.019833005590355047
0.02007288688763978
0.020290784532124184
0.02060435668536866
0.020943405737727593
0.02192061571698664
0.02254315285473149
0.023588637714352687
0.02474455015767566
0.025826881146818213
0.027431185452446764
0.02907280256150992
0.031940158786204584
0.03341017765881954
0.034104490010441885
0.03497111035472265
0.035850513121401216
0.03673419520537115
0.03700503996890322
0.037272608107031494
0.03753643495945831
0.03779608553694348
0.03805115337583958
0.03830125951436835
0.03854605156548951
0.038785202864227916
0.03901841166986312
0.03924540040564024
0.03946591492077404
0.039679723761594766
0.03988661744078056
0.040086407697305045
0.04027892673123761
0.04046402643183049
0.04064157756628558
0.0408114689519697
0.040973606605080405
0.04112791287122719
0.04127432554348309
0.04141279697473907
0.041543293192089374
0.04166579302147782
0.0417802872309408
0.041886777700514806
0.04198527662628647
0.04207580576520696
0.042158395726253135
0.04223308531031988
0.04229992091442119
0.04235895597127515
0.042410250466900626
0.042453870504961876
0.042489887929835914
0.04251838000507452
0.042539429145664574
0.042553122702309196
0.04255955279594284
0.04255881620087476
0.042551014275301266
0.042536252938459834
0.04251464269441995
0.042486298703468095
0.04245134090331352
0.04240989418532049
0.04236208862445636
0.04230805979187232
0.042247949139502965
0.042181904499315706
0.04211008072686648
0.042032640552974024
0.04194975575427388
0.04186160885460363
0.0417683958096339
0.04167033085218409
0.041567658011211636
0.04146068569809096
0.0413493241160894
0.041233932699893915
0.04110634932052332
0.04098142967414706
0.04085296416643755
0.04072120348828046
0.04056632253878025
0.040426471625596705
0.04028404090114029
0.04013933817725348
0.039961279434853024
0.03981083679428202
0.039659121906682145
0.03946615947835622
0.03931103680764725
0.0391559023572595
0.039001259755736754
0.033550489151081234
0.03041191319031647
0.028135894483658816
0.026201271615366516
0.02474483703859126
0.023263088539974542
0.022124473937308174
0.0207339609474313
0.020091021899597883
0.01899757080793083
0.018389108167697794
0.01724935666057153
0.016216349348582074
0.014131288653675963
0.012676091176197753
0.011676389806856879
0.010451971625639904
0.00932580188693488
0.008973650027057037
0.007864148950480127
0.007133360332200074
0.006675576510023539
0.005882780443703754
0.005165650316340907
0.004651858964890968
0.003937751851003075
0.0031934237030684202
0.002500072554190134
0.002451799383379215
0.0015251561138029163
0.0010460337679800871
0.0007211037041908743
0.00018353420131482493
0.0003039901874544809
0.000114054637137516
0.0003392736024621274
0.0007366502162846724
0.0020140674664821797
0.0021250161416307275
0.001801075668509807
0.0015562970252336454
0.0015860632582111842
0.001784086763509904
0.0015146453246301158
0.001601477191154803
0.0016310432098262369
0.0019621443933151095
0.002292493870586606
0.0023343760228020758
0.002432895109630854
0.0027657412681866946
0.0030974680029024217
0.0036588738469108583
0.003981893968524378
0.0038111531185690715
0.0041358786273828635
0.004669914147892345
0.004984546710456496
0.005072134197414539
0.005381651093740975
0.005880825649531474
0.006178835295894397
0.006658785190801043
0.006876383846010459
0.007159382709269485
0.007611466908711185
0.007881447652015984
0.008313317438088557
0.008364589860887285
0.008565072102607103
0.00881087483306717
0.009361902481301209
0.009744843437403207
0.00977430265508505
0.009929555411111216
0.010139796812810188
0.010644156349832042
0.010790107261792114
0.010978318158547985
0.0110872142153157
0.011370209344655994
0.01153603968123448
0.011637951045118292
0.011912417415703851
0.012148059977077094
0.01211476099481037
0.01236529390779318
0.012588469230008979
0.012806737723123204
0.01300654682054486
0.013097458731722529
0.013106191468086814
0.013456938100410236
0.013444970207873396
0.013777156703623374
0.013922557780293512
0.014058987998702482
0.01427674053128552
0.01421731810767978
0.014508905749934551
0.014793152788642329
0.014888937315394653
0.015158176426878747
0.015787904105766328
0.016413486514415616
0.016294760700593162
0.016167754891727133
0.016032791327093468
0.015890216237117616
0.0157404010875199
0.015056219246566466
0.01412338271850548
0.013186873005450137
0.012122270749415505
0.011139807777204802
0.00983866204472462
0.008669702116820954
0.007843917835597347
0.007644575150560824
0.007445402472506846
0.007245896090302628
0.007046210401991456
0.006846476674323572
0.006646804774420854
0.006447284751854419
0.006247988340921903
0.006048970315258644
0.005850269535196729
0.005664320769286986
0.005463789302256311
0.005263636212063831
0.005063865292854004
0.00486451054750847
0.004665789731634642
0.004467704244077181
0.004269996033957923
0.004072544465472789
0.003875250486352237
0.0036780172927807593
0.0034807510543045823
0.003283362620557308
0.0030857700855630756
0.0028879023531752546
0.0026897038964367502
0.002491141105086004
0.0022922109796334584
0.0020929536696653976
0.001893471967246113
0.0016939624693738497
0.0014947501353015317
0.00014670775448183735
-0.0005065249530684046
-0.0008859772656332989
-0.0012780142430953445
-0.0016821200398049485
-0.0021004930598061767
-0.0028399196991763663
-0.004173226814501174
-0.004827793035649073
-0.00606289722024178
-0.006655696204874017
-0.0075916679882790765
-0.00846117039924581
-0.009468400909080781
-0.010207157252830975
-0.010888107306110544
-0.011548054786556695
-0.012617268445113967
-0.013880897972251121
-0.015054505608424256
-0.015204938426441312
-0.015359542285198799
-0.015516554233365487
-0.015902443773621898
-0.01606190175025746
-0.01621996847349806
-0.016375704034379903
-0.016528291984838014
-0.016677021170577788
-0.016821271318084998
-0.01696050141452559
-0.01734079579635883
-0.017470707079184924
-0.01759439253173545
-0.017711548034149593
-0.01782191507621205
-0.017925276931070117
-0.01802145540341692
-0.018110308048986053
-0.01819172578146354
-0.018265630798133748
-0.018602594475093145
-0.018663632939295263
-0.018717116585650964
-0.01876307585698713
-0.01880156520988131
-0.018832662051484744
-0.018856465763458844
-0.01887309678659116
-0.01888269575932718
-0.01888542270031937
-0.01888145622805938
-0.018870992812550447
-0.01885424605564383
-0.019134396727364795
-0.019108222986776016
-0.019076512836375844
-0.01903954090725157
-0.01899759576343016
-0.01895097935668942
-0.018900006523636565
-0.018845004510243842
-0.018786312579153492
-0.01872428163981037
-0.018659273957794376
-0.018922525935638198
-0.018855148746811698
-0.018785948789530306
-0.01871533145884692
-0.018643713225625896
-0.018571521868700255
-0.01849919681540316
-0.018427189592113258
-0.01835596438263515
-0.018285998686588447
-0.018573343472383253
-0.018509770758632842
-0.018448970369893812
-0.018391479969803032
-0.01833785424165112
-0.018288665184953326
-0.018244501908319253
-0.018577971339927453
-0.01854797369907678
-0.01852470376273034
-0.018458910513296067
-0.018444564722206618
-0.018169534176220296
-0.018198563355811635
-0.01861590100844447
-0.018355909763079926
-0.018394177717814878
-0.018432802303557237
-0.01817999696245636
-0.018620194829596537
-0.01866448899334892
-0.018668881319179598
-0.018636814012870352
-0.018608126317251762
-0.018989067113849598
-0.018966798573668068
-0.018945518352180103
-0.01892426809253582
-0.019315759633823877
-0.019556823128841484
-0.01953460516909691
-0.019497891103631572
-0.02019973897886955
-0.0205330525836717
-0.02079986792667889
-0.02172399612646743
-0.022874817212406334
-0.022957790654150913
-0.023488235434040695
-0.023587869665074104
-0.023684212398394522
-0.02420984368932843
-0.024301413413283193
-0.024389788792226724
-0.02491080092235047
-0.024993918489560427
-0.02551126258714866
-0.025588521169727905
-0.02566192911109895
-0.026172150651208537
-0.026238717977801494
-0.02674330761251835
-0.026802352479974034
-0.027300490243858996
-0.0273513394091331
-0.0278422156424863
-0.0278842089328647
-0.02836702521073322
-0.02839951463350787
-0.02887348055143691
-0.029342585832642983
-0.02936015340893164
-0.029819168840184256
-0.029825611752701545
-0.03027373631970276
-0.030715805914252558
-0.030704817434573803
-0.03113469642627022
-0.03155774006650652
-0.03197364111666725
-0.03193718890529245
-0.03233899439850764
-0.03273280210283892
-0.03311827401757383
-0.03349506317960732
-0.03386281336576927
-0.034221158651862135
-0.034569722521376786
-0.035340721883866846
-0.03566662555620437
-0.03640794809196891
-0.03704086986450474
-0.040596583704988115
-0.040153693330349606
-0.04005728401997803
-0.03995291361315231
-0.03946899854746495
-0.03934648019723894
-0.038836989118821365
-0.03869600229637492
-0.03816108507820321
-0.03800115969655991
-0.037440942285547146
-0.0372615125304655
-0.029884645820384494
-0.025591148521580318
-0.021935076589690225
-0.01975181094979712
-0.017506440422105706
-0.014929543486475107
-0.013189796553247188
-0.012044828215258093
-0.009997423656726963
-0.008894580386737945
-0.0069773199786194555
-0.005376321962115318
-0.0036107501782631627
-0.0018844735758592524
0.00042550486850172274
0.0024429810888042325
0.006724900439911005
0.009027595590585195
0.009078779030771192
0.008430196992391304
0.00841939913094253
0.008073872324971141
0.007635217954357362
0.0072141040227056705
0.006733401976013862
0.005902736725149052
0.005722837421531174
0.004842287833124247
0.0046140311170490365
0.0036904831194026354
0.0027483966811004674
0.002460041922460717
0.0014874584140068055
0.0005042816411963779
-0.00010703673883466475
-0.0008296066514068055
-0.001831572208460906
-0.002832373096141205
-0.0038287668265398435
-0.0048175399488303355
-0.005557784174848657
-0.006528380921942762
-0.007482169933005276
-0.008416296014670904
-0.009328055132457673
-0.009873057816132836
-0.010740996734611357
-0.01125325557417133
-0.011886142193557022
-0.012368008911849245
-0.01283376122661379
-0.013282827896849862
-0.013714688276352801
-0.01412887411999006
-0.014252140883228535
-0.014638279349913207
-0.015005780302482398
-0.015354371784874032
-0.01544328167161857
-0.015762339850697672
-0.015837053786799716
-0.016126324768895577
-0.016187039298256146
-0.016446479002216456
-0.016493492817291913
-0.016719579915055027
-0.0167415331019025
-0.016844539386269765
-0.016884061250616294
-0.016922985634061388
-0.01696151730040222
-0.017000097809535094
-0.017039898095443373
-0.01708426827467
-0.017132764513624353
-0.017175915215628633
-0.017214047934084938
-0.01725218993787937
-0.01729095414558842
-0.017330513905859615
-0.017282362650698622
-0.017323944569580675
-0.01735826436616185
-0.01740172020119927
-0.01744610448692189
-0.01748289659866973
-0.017529059302335507
-0.01757598791408988
-0.01761472118782683
-0.01766233455508567
-0.017708589674437544
-0.017762329312769547
-0.01781476772079889
-0.017866364085484643
-0.017916842828461118
-0.01800345888578883
-0.018057818883509436
-0.018110229377290853
-0.01822970768082006
-0.018352678864132818
-0.018410630193927663
-0.018559511525441275
-0.018720745375982534
-0.01901147476549348
-0.01932935362956109
-0.019695366137400156
-0.020347385431123823
-0.021209006291093676
-0.02197590059186327
-0.022816873454580295
-0.023751931541456293
-0.02446172133447514
-0.025208938217093798
-0.02565708057068892
-0.026423405220392677
-0.026483742725485444
-0.026570079303092627
-0.026649085309344116
-0.0267205752208854
-0.026784505222540056
-0.02684084555916328
-0.026889578837101115
-0.026919997518175885
-0.026953570284252878
-0.026979661937241384
-0.026998358679876263
-0.02700952729654035
-0.024451209284183078
-0.02266995332926686
-0.021449309612007396
-0.020266405783578693
-0.019609181359136734
-0.01897253427904811
-0.018591258466724794
-0.017991762301113635
-0.017635531496052292
-0.017710589084120463
-0.017641322834667465
-0.017717454127252466
-0.017585583529746342
-0.01766220685790573
-0.017743365042639708
-0.01762430414032912
-0.017699679401876157
-0.017783757496628996
-0.01792500355119708
-0.017993589700665343
-0.01790832982082065
-0.01797750431252106
-0.01806304502416127
-0.018196714459952218
-0.018258136184275183
-0.0183397564261671
-0.018395819663940074
-0.01854423884966857
-0.01859463924016316
-0.018671961199075233
-0.018607072728235325
-0.0187559036028999
-0.018800485543315506
-0.018878354451115378
-0.019023329353539068
-0.01905861600998338
-0.019199278821627894
-0.019272869984723256
-0.019411267186397525
-0.01954770848652794
-0.019681916494391515
-0.02004728840602848
-0.02005971417601661
-0.020068360495316153
-0.020073134572800536
-0.020073927987196934
-0.020070607781222955
-0.02006298648740261
-0.020051097609497276
-0.020035112453652977
-0.020014976343657575
-0.019990607680831086
-0.019961907629024576
-0.019928770112528305
-0.01989108675665849
-0.019848750218348445
-0.019801656667648743
-0.019749707715430494
-0.01969281194329075
-0.019630886128380955
-0.019563856225002407
-0.019491658147525032
-0.01941423838866221
-0.019313549222950616
-0.019195067077337584
-0.019082298370385196
-0.01897958478656181
-0.018860348832768718
-0.018731180117728966
-0.018616937159144642
-0.018476881475093073
-0.018352194712855884
-0.018222334479840983
-0.01806644736185723
-0.017926511081066313
-0.01778162871475835
-0.017609927752911446
-0.017455503771319377
-0.017296508618505655
-0.01710941543686256
-0.016941747323255783
-0.016770011066350336
-0.016594411577551194
-0.01638976408674642
-0.016207150666672353
-0.016021473158247656
-0.01583311243264024
-0.015642590094355775
-0.015423023199786555
-0.015229181221750937
-0.01502540659543863
-0.014812160024643846
-0.014589140970511444
-0.014356180301430268
-0.014139008487201617
-0.01386097916424977
-0.013601948787460483
-0.013370074000527577
-0.013095112440228443
-0.012854652197214756
-0.01261170002790422
-0.012315517203788703
-0.012064557458267225
-0.011779398914127222
-0.011499394693132168
-0.010223896069831989
-0.009021110336768601
-0.007862232550752035
-0.006747070095213873
-0.0056767255031015314
-0.005055032325747474
-0.004058123376273075
-0.002248312833591247
-0.0007864957368851641
0.0002207406621913653
0.0013739126967326014
0.0021868114645736806
0.002748943063509806
0.003053402314567018
0.0035533552015047727
0.004142224200589937
0.0046015454807701054
0.005155041664244492
0.005573221571745933
0.005839251488623963
0.00622657889893552
0.006418873614334836
0.006663542767618005
0.0069981817037539275
0.007058283918220602
0.007363070429300684
0.007445476125454125
0.007687622066507458
0.007754525289515721
0.007832023566630975
0.008025535411175717
0.008078166254144691
0.008114932780504543
0.008286071010672207
0.008303788482178727
0.008308462074131252
0.008469913646183793
0.00832146321762203
0.00847566452222411
0.00845347658427325
0.008443506261296715
0.008552548916745915
0.008497273321110721
0.00845223219941734
0.008509959124602277
0.0084587985525804
0.0084054069742704
0.008439949158295929
0.008379562237648906
0.00831709725662305
0.008329399943456887
0.008260361131885167
0.008189413301940379
0.008180576841869921
0.008103533185803782
0.008024784050779405
0.007996057997883428
0.007911813606888814
0.00782614400850988
0.007779062293960015
0.007688742420664487
0.007597430346820276
0.007534064985523303
0.007439419109137146
0.007364584097479979
0.007267969557697814
0.007171957670599277
0.007087130674420534
0.006992537364193954
0.0069029775671523045
0.006814398825871613
0.0065003618065386905
0.005493621923631153
0.0049269497509307775
0.004421493058255732
0.003984806975753458
0.003894792324604467
0.0038118633126853645
0.0037302408433361844
0.0036504186842315264
0.0035727704624808074
0.003497571557083127
0.0034250203713933587
0.0033552546318547597
0.0032883642026388877
0.003224401280279772
0.0031633885379226396
0.00310532563250114
0.0030501943946602476
0.0029979629576982946
0.0029485890338757535
0.002902022507877651
0.0028582074857460534
0.002817083910038258
0.002778588831909464
0.0027426574109218147
0.002709223699908462
0.0026782212600200486
0.002649583641688529
0.0026232447597230226
0.0025991391847956817
0.002577202368872286
0.002557370818438361
0.002539582226457144
0.0025237755717051813
0.002509891192329811
0.00249787083905592
0.002487657715515025
0.0024791964900843315
0.0024724333297708686
0.002467315894344203
0.0024637933406517834
0.00246181631917556
0.002461336967203923
0.002462308899538075
0.0024646871974805867
0.0024684283967178903
0.002473490474600889
0.002479832837243244
0.0024874163067897816
0.0024962031091552723
0.0025061568624917146
0.0025172425666101688
0.002529426593754769
0.0025426766797217635
0.0025569619184337795
0.0025722527561984373
0.002588520988704332
0.002605739759707116
0.0026238835617010577
0.002642928238663795
0.002662850990945961
0.0026836303823604617
0.002705246349506427
0.002727680213341637
0.002750914692992649
0.002774933921763763
0.0027997234652729014
0.0028252703416033554
0.0028515630425394196
0.0028785915602939807
0.002906347407857168
0.002934823647975924
0.0029640149186486524
0.002993917458997796
0.003024529133704988
0.003055849454558568
0.0030878795970844864
0.003120622409400726
0.0031540824092343564
0.0031882657632955106
0.0032231802406501252
0.0032588351279698555
0.0032952410889387903
0.0033324099416751117
0.0033703543154617044
0.0034090871264096955
0.0034486207860995773
0.003488965998312239
0.0035301299275536787
0.0035721133846705723
0.0036149064554310594
0.0036584816265544766
0.0037027828347917305
0.003747707748220166
0.003793078237787839
0.003838586714604081
0.003883664473203919
0.003945758137303582
0.004013571990718685
0.004181342132606069
0.004280236675056208
0.004482581080313535
0.004609472511115416
0.004910181780896581
0.004938589011877224
0.004970263399829042
0.005003779066227018
0.005038302302771461
0.005073280912405308
0.005108331794082865
0.005143184431436649
0.005177647417065728
0.005211586849060298
0.005244911746146987
0.005277563995127797
0.005309511414804311
0.005340743089176414
0.005371266480067837
0.00540110611607927
0.005430303981201244
0.005458922294780341
0.005487051084235923
0.005514839491348161
0.005542641155886166
0.005566254937216883
0.005591417824412079
0.005615822770786111
0.005625677777819884
0.005646477770162735
0.005666482827484325
0.0056623102440371215
0.0056787251007143725
0.005694454003561532
0.005676555649193401
0.005689006682102852
0.005700998813988775
0.005670076244872555
0.005679348037238857
0.005688503734929477
0.0056976985259175866
0.005652880968297434
0.0056604747427520105
0.005668619860123738
0.005677534932190809
0.0056216907510533735
0.005630744611975073
0.005641506468170082
0.005655746272356204
0.005567081930474542
0.005547600443842535
0.005532256032310915
0.0055067260446808024
0.005388424833846087
0.0053903330743321175
0.005352191698091604
0.005333567953840465
0.005308592119443453
0.005182952851221781
0.005152770194487147
0.005093777369211595
0.005055514256610824
0.0050133512467740084
0.005005934454733693
0.004817322071730026
0.00471950492976799
0.004659783998077933
0.004596314478627311
0.004502866045003727
0.004431875288649821
0.004226783586409032
0.004051211418419412
0.0039633985899002
0.0038457569498327724
0.003667421299987589
0.003538776167132022
0.003432623551091146
0.0032976106860075137
0.0029336289536188043
0.0026353573550508633
0.0025089104565297056
0.002224496955654988
0.001782352657323006
0.0016262773017546336
0.0014435444510372314
0.0008611847775598321
0.0006637465589615778
0.00018662699448267873
-0.0001670466217515129
-0.0003782701015347475
-0.0008559035927562108
-0.0012525252533196359
-0.0014651174909309582
-0.0019799313454536053
-0.002202304630874568
-0.0024291718411432192
-0.0029577808013682956
-0.0031939434499540158
-0.003222034668529042
-0.003758175862017653
-0.004002747626805105
-0.004251700228033015
-0.0045050767377073165
-0.005057011035312293
-0.005081850488059281
-0.005344697631917033
-0.005611464450905395
-0.005928634440356643
-0.0061981242651535885
-0.00621706843622532
-0.006232891073298264
-0.006500813077672602
-0.006511206325149901
-0.006517989360188888
-0.006520495235798971
-0.006216257666197971
-0.00619508651868345
-0.0061618064874274315
-0.006078185449120245
-0.006065157185824176
-0.005484207077353402
-0.0054669080076046326
-0.0048798418102713684
-0.0050939559848124155
-0.0042920270685768425
-0.003696573437876335
-0.003406010310833676
-0.0030479914011774596
-0.0024498327944868113
-0.0018515528037788005
-0.0012535999456781263
-0.0004401389029827514
0.00015447137905745748
0.0009858921645325527
0.0018085864292896703
0.002683866120282227
0.0036998431489881248
0.005012197543571889
0.006055614375725986
0.0077080207771329165
0.008848239779515082
0.009526635591415472
0.010722796817297795
0.01181973460486261
0.012712994831099944
0.01354468550088424
0.01431271569215158
0.01483202727768485
0.015544436038984435
0.015779424573860272
0.016243960221888714
0.016648303181939536
0.016851896263993433
0.01700446493656165
0.017402566067917246
0.017531013469947697
0.017697154250740622
0.017806456763285895
0.018159094139965866
0.01786337890253327
0.017948203570852563
0.018080140150842274
0.01797671392896136
0.018035922292960582
0.018147054844635694
0.01802995001865757
0.018072752197245658
0.017757801592219114
0.01803384205078957
0.017917813262038625
0.017731978519427493
0.01761225681277504
0.017466556442348805
0.017288823998527835
0.01716318246165772
0.017241431646608546
0.017112340949398345
0.01698076483651056
0.016717704028361945
0.016419799386078956
0.016241500781356572
0.01589954209246178
0.015798773484119833
0.015448170630491864
0.014492750974992766
0.013034248822699157
0.012384040431245805
0.011433539469709738
0.010896094404615395
0.01028953372320201
0.009949446954892504
0.009294079612527893
0.0087041026757878
0.008142237504076248
0.007711949700776535
0.007224384000945781
0.006830407139046486
0.006224719978304347
0.005926626331011677
0.005293848123666681
0.004780431704465204
0.004544078441476709
0.004167809985562031
0.003912530000007658
0.0035486640108565357
0.0035294060345081295
0.003263090339325944
0.0029178801204844205
0.0026599221459293575
0.002404655642423186
0.002082524323668664
0.0020633720045973762
0.0018179040580445559
0.0015752625914894672
0.0015031215805000398
0.0012680009631693425
0.0010359853065105159
0.001022441205073185
0.0007945847168263367
0.0005701594043461688
0.0005584360922535277
0.0003387686785724754
0.0003282674084087455
0.00011376537217588109
0.00010484259822267747
-0.00010407139421089333
-0.0001110382448225315
-0.00031391182318254844
-0.0003184627829181241
-0.000322491410052633
-0.0005173811830016543
-0.0005196854111502176
-0.0007090447357800814
-0.0007099820800871165
-0.0007110444222089895
-0.0008940089680427671
-0.0008942187279506612
-0.0008948206146768569
-0.0010721001596976274
-0.0010723610593822597
-0.0010732708630631863
-0.0012455520718574508
-0.001246597021138956
-0.0012485218823146934
-0.0014164228244656941
-0.0014188969467657524
-0.0014224450348516726
-0.0014271224080711334
-0.001590913043787853
-0.0015965677344736506
-0.001603485273656823
-0.001763912608335562
-0.0017720165817816152
-0.0017814674250793917
-0.0017922816655747914
-0.00194948715794544
-0.0019616154971325056
-0.001975124165572649
-0.001990007468392518
-0.0021440407070293854
-0.0021601937110498092
-0.002177675271614078
-0.002196459678185254
-0.002347054172454533
-0.002366909441317968
-0.0023879674527817617
-0.002410186216600087
-0.002433520356399742
-0.0025797736614407768
-0.002603759643523216
-0.002628712223657309
-0.002654576210466453
-0.002795920434262967
-0.002822014038951362
-0.002848850922799401
-0.0028763724638888556
-0.0029045202482975373
-0.0030392618398701094
-0.003067086612871368
-0.0030953747057717103
-0.003124073823257993
-0.003252037352888225
-0.003280026610012816
-0.0033082966469410004
-0.0033368107455125306
-0.0033655378057927707
-0.0034849386229920108
-0.003512665054763904
-0.003540561414048128
-0.003568628390577159
-0.0035968773451746042
-0.0037075422473953627
-0.0037349109342295936
-0.0037625834148676033
-0.0037906299204084988
-0.003894546909086267
-0.003922333299605332
-0.003950845509900602
-0.003980252878238703
-0.004010759334290368
-0.004110065354632223
-0.004148930190017007
-0.0041980774938135245
-0.004295157602998638
-0.004447079849580117
-0.004481316739969418
-0.004562053340682813
-0.0046360668913432495
-0.004664463962889081
-0.0047820240860596604
-0.004805708976371508
-0.00485859920018379
-0.004878656500865281
-0.004968765819187717
-0.005003541161514091
-0.0050162047590317175
-0.0050416915713257055
-0.00510222255290655
-0.005114574010482323
-0.005121999886628231
-0.0051280348662283365
-0.005136020741098896
-0.00518002356122919
-0.005169012974537723
-0.005161660699524978
-0.005176261284406179
-0.005221431678754058
-0.005220401955872474
-0.0052393502489885835
-0.005260123158644412
-0.005266716223133134
-0.005314400002946987
-0.00534067392635679
-0.005369241467686846
-0.005386064170460009
-0.005437272262517384
-0.005472311683531428
-0.005509423535698965
-0.005548204908922069
-0.0055881865013267746
-0.005629121642649327
-0.005669880940605837
-0.005711087418427596
-0.005752745383160048
-0.005794930456344415
-0.005844189644268416
-0.005887012947047843
-0.005930842875881234
-0.005975896482324903
-0.0060139405499722385
-0.006064024773097924
-0.006114492472245537
-0.006163145339362426
-0.006207877322025138
-0.0062483341883540185
-0.006284316894179454
-0.006315676077674179
-0.006368146221687561
-0.006394166563455381
-0.006415239843862838
-0.006431292934190216
-0.006442265321341958
-0.006448107921359822
-0.006448782298519829
-0.006444260120811373
-0.006434522757097582
-0.006419560959182056
-0.006463842799782558
-0.006442263575591534
-0.0064154157896261655
-0.006383321153650468
-0.006344117876818451
-0.006382981221655337
-0.006339139535007725
-0.006290128026820278
-0.0062359991964616515
-0.006269837278940471
-0.006208845764604415
-0.006142749652355211
-0.006172539999954798
-0.006099193628216634
-0.006126235287378391
-0.006044956686765618
-0.006067998239223899
-0.005977470415722913
-0.005995026315158808
-0.005894209444866224
-0.005905484783848606
-0.005794202218264428
-0.005799143810576961
-0.005801752829901902
-0.005802084374265986
-0.005673260366944931
-0.005667762333914131
-0.005660167192554464
-0.0056505248381674145
-0.005638882154115502
-0.005490829776915008
-0.005474022453448476
-0.005455369074318995
-0.005434911093723499
-0.0054126894214224066
-0.005388744824628
-0.005363118282118149
-0.005335851291730664
-0.005306986139294486
-0.005276566134358604
-0.005244635819947864
-0.005358259115190659
-0.005324380891609903
-0.005289096265147669
-0.005252455882203387
-0.005214512706040537
-0.005175322335842521
-0.005287176734499086
-0.00524640941338046
-0.005204541635924862
-0.0051616472714393485
-0.00527314549466928
-0.005229105538108615
-0.0051842438172981405
-0.005138678948384631
-0.0052472082713119214
-0.005199926197198877
-0.005151973772644965
-0.0052637285584285765
-0.005206261777144452
-0.005155954697901682
-0.005105084954003526
-0.005040333009049979
-0.005150626168769905
-0.005097580392896132
-0.005025889989913723
-0.00497092578226743
-0.004893406101140611
-0.004836658342560363
-0.004945628597420346
-0.004861087722671896
-0.004802625654097057
-0.0047121955773215575
-0.00448559422756817
-0.00438916729330483
-0.004327771451001838
-0.004225474235531891
-0.0041628971571636515
-0.0038902315797844454
-0.0038327537522629047
-0.003718719426265006
-0.0036911404875658175
-0.003614964698605739
-0.0035931136620668334
-0.003300800528620683
-0.003217598463558261
-0.0032006432755191873
-0.0029000810559219503
-0.002812161566441275
-0.0026207872342947475
-0.002158314841197863
-0.0018559613764024794
-0.001435371998802257
-0.0010448571484171182
-0.0006651032302390741
-0.00024301943701479244
-8.505929159481081e-5
0.0003218271508517024
0.0010993228424508014
0.0014998816465537372
0.0020606505946596508
0.002937640159945994
0.0038756910513606862
0.0047977600613368
0.006149089061430133
0.00784458711462869
0.010417197921950401
0.010559231781263924
0.010695296029717293
0.010874896940439091
0.010996171025405501
0.011178886233084549
0.011566123070865015
0.01185867094398447
0.01190083454204598
0.01194618608341173
0.011994233994497238
0.01204456840853329
0.012096835595847849
0.012150722550255925
0.012205946986098922
0.012262250496279048
0.012319393688905968
0.012377152630454807
0.012435316188718609
0.012493684016407153
0.012552065002957224
0.012610276075546281
0.012668141264597588
0.012725490971906474
0.012782161395778577
0.01283799407485981
0.012892835531931867
0.01294653698581604
0.012998954123217686
0.013049946914424196
0.013099379463365642
0.013147119884230457
0.013193040198638466
0.013237016248863026
0.013278927623838392
0.013318657595735948
0.013356093065782186
0.013391124518745088
0.013423645986152456
0.013453555018831782
0.013480752669016277
0.01350514348795021
0.01352663552900422
0.01354514037333459
0.013560573168174968
0.013572852683927524
0.013581901390622781
0.01358764555480504
0.013590015357544026
0.013588945033865134
0.013584373033447644
0.013576242201987181
0.01356449998217069
0.013549098632796533
0.013529995464195515
0.01350715308779241
0.013480539677910054
0.013450129240105628
0.013415901891138875
0.013377844137358307
0.013335949156632448
0.013290217077994578
0.0132406552569773
0.013187278544244306
0.013130109545322398
0.01306917886945908
0.013004525365877316
0.012936196345967203
0.012864247790239463
0.012788744539171658
0.01270976046740363
0.012627378641088175
0.012541691459896571
0.01245280077640478
0.01236081801348537
0.012265864255257464
0.012168070333100505
0.01206757690173517
0.011964534510098558
0.011859103671278019
0.011751454936718454
0.011641768981029211
0.008481339827433824
0.00655564074047151
0.00533303717289347
0.0041368315523553
0.0032918505037296815
0.002907844552031168
0.0026484197552324247
0.002308316164461693
0.00208006697355396
0.0018653396394752303
0.0016643610524538425
0.0014053852370835642
0.0012372242343212149
0.0010831737228234862
0.000943285369640701
0.0008175665234648638
0.0007059748071699789
0.0006084208413483586
0.0004853425064268872
0.0004076467320875138
0.00025865822167271636
2.9726397598097454e-5
-4.3646711283242464e-5
-4.955001206913937e-5
-5.881312225587919e-5
-5.531622914657451e-5
-5.3137483487083956e-5
-5.198720597848219e-5
-5.161836089528054e-5
-5.181904445197644e-5
-5.240650126949947e-5
-5.322239929769247e-5
-3.619710374610896e-5
-3.680225869526289e-5
-3.7312713787598334e-5
-1.925054761951317e-5
-1.9150652401917247e-5
-2.9896882700584656e-7
5.15747110412799e-7
2.0100089212330862e-5
2.1655282698987116e-5
4.183839197724764e-5
4.4103814976559316e-5
6.470120473162667e-5
6.760820393252655e-5
7.089645807373478e-5
9.186092135840803e-5
9.568212164755062e-5
9.987884031941776e-5
0.0001207682179281235
0.00012535863533207818
0.00013030205859536418
0.0001355991784971598
0.00015586962107327456
0.00016138041406159743
0.0001672097507958851
0.00017335286792386824
0.00017980346854701648
0.00018655387314903897
0.00019359516678153595
0.00020091734176855795
0.00021874095897906072
0.00022597987345673845
0.00023345854883154404
0.0002411661111571428
0.00024909110766432104
0.00025722156277568523
0.00026554500591277196
0.00027404846497661666
0.00028271841911604596
0.00028684253379955126
0.0002963913325647655
0.0003060496318343441
0.0003157984263136772
0.0003256169381608323
0.0003354819082245295
0.00034536641426277
0.0003552375814004307
