-8.165815753663696e-5
-8.350992893426511e-5
-8.234343614597999e-5
-8.42161982063247e-5
-8.616547731126801e-5
-8.812850025084183e-5
-9.015398325677899e-5
-9.220329038328626e-5
-9.102800920642083e-5
-9.314636018930479e-5
-9.529264173843204e-5
-9.750743505592375e-5
-9.977104694890261e-5
-0.00010210035616793365
-0.00010092143048287525
-0.0001032829516997943
-0.00010569869873141007
-0.00010816974904971538
-0.00011069721627307753
-0.00011328224429073837
-0.00011206573827435669
-0.00011471704926796348
-0.00011742893995607031
-0.00012020265666276001
-0.00012303947152053464
-0.00012594068256476104
-0.00012890761393068753
-0.0001277083067305688
-0.00013075398559698754
-0.0001338689021325199
-0.00013705448345316604
-0.0001403121845900304
-0.00014364348910397883
-0.0001424717867333224
-0.00014589405190236767
-0.00014939389698683686
-0.0001529729194253938
-0.00015663274778737537
-0.0001603750424056217
-0.00016420149604098994
-0.00016310015967626338
-0.00016703437135614748
-0.00017105733285268187
-0.00017517086916447443
-0.00017937684169706477
-0.00018367714926901022
-0.0001880737292331786
-0.00018708237603708136
-0.00019160647316250737
-0.00019623076102021647
-0.00020094975145891787
-0.00020579756547086452
-0.00021073180246570977
-0.000215796214110922
-0.00021495424688088434
-0.000220704346686951
-0.00022601825666608485
-0.00023143051811194527
-0.00023698149631438517
-0.00024263741732821208
-0.00024843469826619716
-0.0002543592643979646
-0.0002537648636899009
-0.0002598684542591818
-0.0002661054995135005
-0.0002724687549655213
-0.00027898268678027327
-0.00028563829985146034
-0.00029243846706390975
-0.00029938615687597305
-0.00029915574214731225
-0.0003063178121055365
-0.0003136378077846516
-0.0003211350488560147
-0.00032878731502275553
-0.00033661214966196947
-0.0003446122533891113
-0.0003527853679139331
-0.00036113503334982226
-0.0003614821207536145
-0.00037010564627308574
-0.00037892290194141626
-0.00038790545794937766
-0.0003970643960940901
-0.0004064183148982959
-0.0004159662704542844
-0.00042571322935145003
-0.0004356662831402029
-0.0004367105174291343
-0.0004469798677666915
-0.0004574667335924619
-0.00046817548783576764
-0.0004791106098567547
-0.0004902766655260196
-0.0005016446949940281
-0.0005132530803231438
-0.0005251319331816427
-0.000537258058202482
-0.0005496471650277576
-0.0005519178241629257
-0.0005647134024288966
-0.0005777789653925149
-0.0005911199731989414
-0.0006047419960584643
-0.0006186507162515318
-0.0006328577943940897
-0.0006473569304024193
-0.000662160467057853
-0.0006772787781816523
-0.0006927090646269042
-0.0006966895953269121
-0.0007126399502752354
-0.000728926763949117
-0.0007455536177297584
-0.0007625287598449098
-0.0007798585952782926
-0.0007975502421214617
-0.0008156108885106877
-0.0008340478503927038
-0.0008528685766520243
-0.0008720806523879722
-0.0008916918017395826
-0.0008982476674509259
-0.0009185344369180388
-0.0009392431504169473
-0.000960382107841835
-0.0009819597601810099
-0.0010039847121526824
-0.0010264657255990345
-0.0010494117246347184
-0.0010728318085041044
-0.0010967353138048046
-0.0011211311983847503
-0.001146028140384296
-0.0011714365054477957
-0.0011973663829126884
-0.001223827916810229
-0.0012508313817995438
-0.0012624068725951834
-0.0012903595801351925
-0.0013188846824163064
-0.0013479930531996465
-0.0013776957372961488
-0.0014080039543058489
-0.0014389290982879145
-0.0014704827370345447
-0.0015026766095666434
-0.0015355226253207825
-0.001569032862469499
-0.0016032195662567157
-0.0016380951471032833
-0.0016736721784238059
-0.0017099633941098926
-0.0017469816856424654
-0.001784740098799995
-0.00182325182993117
-0.001862530221761273
-0.00190258875870136
-0.001923855511525607
-0.001965323214479244
-0.0020076109814647558
-0.002050732801231887
-0.0020947027709912963
-0.002139535089562673
-0.0021852440478947917
-0.00223184401918745
-0.0022793494481986734
-0.0023277748396964277
-0.0023771347460133756
-0.002427443753661901
-0.0024787164689659977
-0.0025309675026655137
-0.002584211453447887
-0.0026384628903614645
-0.0026937363340642636
-0.002750046236861532
-0.0028074069611697568
-0.002865832758248813
-0.0029253377424457174
-0.0029859358671674653
-0.003047640897851166
-0.0031104663837559937
-0.0031744256282223698
-0.0032395316573557236
-0.0033057971870941827
-0.003373234588621554
-0.003441855852089268
-0.0035116725486141415
-0.0035826957905217656
-0.0036549361898095692
-0.0037284038148073305
-0.0038031081450181493
-0.003879058024000671
-0.003956261611044778
-0.004034726329761562
-0.004114458816081639
-0.004195464863827255
-0.004249594461697446
-0.004332913604750904
-0.004417516518212603
-0.004503405040991043
-0.004590579872179093
-0.004679040506711943
-0.0047687851695956225
-0.004859810748808399
-0.004952112726991564
-0.005045685112060022
-0.005140520366879004
-0.005236609337844443
-0.005333941184493109
-0.005432503305448432
-0.005532281267451637
-0.005633258732785516
-0.005735417387309862
-0.005838736869039508
-0.0059431946975434195
-0.006048766204459361
-0.00615542446543473
-0.006263140233819066
-0.006371881876448719
-0.006481615311876785
-0.006592303951413949
-0.006703908643356065
-0.00681638762078314
-0.0069296964524854605
-0.007043788002420368
-0.007158612385596993
-0.007274116937428911
-0.007390246184484906
-0.007506941822002253
-0.007624142697710171
-0.007741784802325214
-0.007859801267062793
-0.007978122368485935
-0.008096675540986946
-0.008215385397165985
-0.008334173756335928
-0.00845295968134256
-0.008571659523845416
-0.008690186978155795
-0.008808453143858766
-0.008926366596132987
-0.009043833466318473
-0.009160757529179239
-0.009277040299162174
-0.009392581134406764
-0.009507277348327696
-0.009621024328367613
-0.009733715661451363
-0.009845243265611993
-0.009955497527201993
-0.010064367443055756
-0.010171740766929612
-0.010277504159521023
-0.010381543341357933
-0.010483743247858274
-0.010583988185512951
-0.010682161990760445
-0.010778148185805319
-0.010871830137637248
-0.010963091215224288
-0.011051814946637045
-0.011137885175978619
-0.011221186220544015
-0.011301603028924566
-0.011379021341087028
-0.011453327851783069
-0.01152441037896692
-0.011592158039196755
-0.011656461432245245
-0.011717212837317735
-0.011774306423343362
-0.011102531352594824
-0.010900464536149684
-0.010778064181344582
-0.010560438772261236
-0.010425862806973314
-0.01028579324985345
-0.010213077239317232
-0.010061149478390034
-0.009975937855392256
-0.009811960519922858
-0.009714023753826686
-0.009537861241585443
-0.009528715660454042
-0.009412761926470677
-0.009219032198643338
-0.009090020458761706
-0.009060592122899015
-0.008849242448851496
-0.008701955756216294
-0.008657298506156822
-0.008428502174023692
-0.008263078625113909
-0.008203338457081313
-0.008026445992487051
-0.007774323520724813
-0.007699864193943347
-0.007505557232271572
-0.007421784368100502
-0.0072166384013613956
-0.007055833205394258
-0.006839590912115375
-0.006614896827092718
-0.006498632001895799
-0.006259536394593429
-0.0061403578543427345
-0.005828742467394411
-0.005702521215075126
-0.005448683623474927
-0.005315289716250764
-0.00505313839567252
-0.004913101746153908
-0.004643245527154243
-0.004432511110567351
-0.004155725735396717
-0.00400428181513423
-0.0037211247332187758
-0.0035648483263131226
-0.003276023283349587
-0.0031155662460921863
-0.0027595766437904785
-0.002595811130632965
-0.0022980752858766974
-0.002131525833966271
-0.001829875772087068
-0.0008339763533781418
-3.560158981974762e-5
0.0006080951021780922
0.0010694376963858855
0.0016441957281680742
0.0020456611555980213
0.002444313175225519
0.002799220005979718
0.003199441804614323
0.0035970474891370775
0.004023123147229019
0.004422513139526414
0.0045846821495143355
0.004981290312533159
0.005375997057659851
0.005539118330933153
0.005936726309581514
0.006395216949763919
0.006567397384487457
0.006985670696805695
0.007163403840772184
0.007593626984282537
0.008032458520195141
0.008219576720201812
0.008718649968457991
0.008916148154424826
0.009184544576355648
0.009411554292599272
0.0098092525039254
0.010127369468953406
0.010469296701511652
0.010661876982686766
0.010930126999045022
0.011006312324650425
0.011163156210083352
0.011044393207026916
0.011179211598188174
0.011301057929174619
0.011410018495505766
0.011542273174991643
0.01162515350077328
0.011691935054611883
0.011755007030493217
0.011837226309267526
0.011874931419059221
0.011901630052655843
0.01191786001982566
0.012239410016833348
0.01222920620682227
0.012498160317107425
0.012463071877849119
0.012657176376883144
0.012621394053025821
0.012766918441411026
0.01289835029064116
0.012802723300190548
0.012882393619878935
0.012911299913066164
0.012918947508737302
0.012878310193408892
0.012726168611589005
0.012641674399601918
0.012513823387262358
0.012353376995943985
0.012153251147890162
0.011922577942354904
0.01168957341768793
0.01145130675486224
0.011203846223995765
0.01094374715792953
0.010667458109681248
0.010371044969018096
0.01004993400305974
0.00969860287776534
0.009310201251830033
0.00887630360620088
0.008388497243586935
0.007851739336032934
0.007317550017396621
0.006842131250938853
0.0064268519176649335
0.006056519724525283
0.005719026310222955
0.005406054623594831
0.0051117921061985495
0.004832022649034618
0.00456358153596882
0.004304025566615925
0.0040514259249962116
0.0038042328328839053
0.0035611837759901973
0.003321239187206895
0.003083536048513722
0.0028473535507396275
0.0026120871070716553
0.0023772282988328646
0.0021423491334717016
0.0019070895034836428
0.001671147067474687
0.0014342689966324543
0.0011962451811978652
0.0009569025965603446
0.0007161006027219675
0.0004737270039952818
0.00022969473441573213
-1.60609371948833e-5
-0.0002635847667779665
-0.0005129035313136206
-0.0007640277097166849
-0.0010169529067522351
-0.0012716610505025296
-0.0015281214002276506
-0.0017862913923912692
-0.0020461173491803397
-0.002307535070458416
-0.0025704703272135493
-0.002834839272086549
-0.003100548780415317
-0.0033674967333498953
-0.0036355722529405766
-0.003904655897647285
-0.004174619825442495
-0.004445327930957469
-0.004716635959424238
-0.004988391607517107
-0.005260434606920664
-0.005532596799442034
-0.005804702203926079
-0.006076567077604736
-0.006347999973906648
-0.006618801798636668
-0.006888765866415876
-0.007157677959346028
-0.007425316390021042
-0.007691452071248522
-0.007955848595158885
-0.0082182623247646
-0.008478442501480785
-0.008736131372647012
-0.00899106434351328
-0.009242970159185666
-0.00949157112199849
-0.00973658335117692
-0.009977717092006736
-0.010214677082677218
-0.010447162987822955
-0.010674869908749206
-0.01089748898138889
-0.011114708074243439
-0.011326212599957506
-0.011531686455841138
-0.011730813110687247
-0.01192327685777796
-0.0121087642572292
-0.01228696579408803
-0.012457577791023347
-0.012620304601399648
-0.012774861152910691
-0.012920975891298852
-0.01305839421313171
-0.01318688249557111
-0.013306232867907546
-0.013416268919637327
-0.013516852610110859
-0.013607892744284025
-0.013689355521445339
-0.013761277869938958
-0.0138237845843038
-0.013877110737587621
-0.01392163154903129
-0.013957903032021086
-0.01398671871451264
-0.014009191405834426
-0.014026876700710712
-0.014041973786160187
-0.014057696056244918
-0.014079127098911544
-0.0129316513771242
-0.012074600923847654
-0.011335375268812368
-0.010889750767712652
-0.010389196175929002
-0.009833721223785332
-0.009198851670217978
-0.009064999700022473
-0.00898790477503933
-0.008937279777363957
-0.00891279381524637
-0.008913907112919013
-0.008939707857661626
-0.009076815164420663
-0.009242861527474236
-0.009404887781330048
-0.009600634491882889
-0.009829267086548743
-0.010008263042537442
-0.010290899589170236
-0.010510622097403388
-0.010842629127940488
-0.011097784196558092
-0.011473983801607555
-0.011758781485021356
-0.012173462392563422
-0.012481620528737183
-0.012797550408821539
-0.01325330417867955
-0.013582189091248219
-0.013913263925241438
-0.014394234386729524
-0.014726827585797334
-0.015055536502732609
-0.015378211490379656
-0.015862160616117064
-0.01616959953205198
-0.016464350696845577
-0.01674503743165894
-0.017193387272196246
-0.017438170785560807
-0.017661318430083107
-0.017860404707557304
-0.018244994264291346
-0.018392582579251946
-0.018508876565131956
-0.01859153650851885
-0.018638313414411165
-0.01864708005802934
-0.018796243108682772
-0.01872172380438435
-0.018604539634673234
-0.018557398198404233
-0.016042608518946417
-0.013927458280455749
-0.011682111656529395
-0.009569935667514176
-0.005441992020903955
-0.0036387524441891597
-0.0019570995612386115
-0.0006983294319222033
0.0007472918574741597
0.002083370851334039
0.0033139761229971933
0.004443157094101908
0.005652087000767886
0.006598076919186394
0.007108827417583888
0.009258074251709337
0.009891498301766924
0.010447706916036891
0.010930211128714657
0.011342391713976316
0.012421716690377251
0.012909472033273691
0.013089436447702888
0.014171314616520164
0.01419828133546666
0.015023636643088796
0.015692881497024556
0.015784887617986566
0.01614884877073764
0.016918833654177505
0.017384306431596056
0.019786059083801395
0.01887188466269654
0.018015644078421048
0.016740597807928723
0.01597392880993506
0.015248553935697542
0.0145614815899376
0.013910282581428608
0.013292951617740226
0.012200799013654246
0.01164065926200418
0.011110135107966268
0.010608256466269086
0.010134219693613514
0.009687363181862814
0.008722441730796572
0.00832259219177199
0.007948560845391852
0.0076000424721701315
0.007276767016856437
0.006978475236672379
0.006123163667389201
0.005868168645698691
0.005637151158490833
0.005429592575337454
0.005244814759244772
0.004469883772470863
0.0043220506907451954
0.004193557276105641
0.004082665895539849
0.003987380922802513
0.0032645282257899593
0.0031612702842586174
0.003060405991363767
0.0029554777887317372
0.0021789462340801127
0.0012276558215720366
0.0010716894171061853
0.0009022361091265694
3.311820530147982e-5
0.00023032491698546156
5.382770208643567e-5
0.00035196771028254547
-0.0014443473032744747
-0.0010688975992310414
-0.0006210829346585108
-0.0008215931200826286
-0.0002375697985093814
0.00041436390687825473
0.00022032726968415102
0.0028274213810748354
0.005726793255616023
0.014694298356930648
0.013921689836360896
0.013510919819164103
0.012769621880425538
0.011783876082641278
0.011097923034043042
0.01114413068001331
0.008361136448061664
0.007748821907155239
0.00621734616737057
0.004110534454099895
0.0022107420075586585
-0.0005824779650690411
-0.0034802393348549853
-0.006587518117529825
-0.007720063704738866
-0.012852022959184034
-0.01612920797462079
-0.020837125947686087
-0.029912766340113126
-0.0330851364422233
-0.03632127252163934
-0.04093979944960236
-0.04953906069748201
-0.05035461484890569
-0.05114286727659543
-0.05227615202182139
-0.05343738397143928
-0.05449144513725853
-0.05559941205212788
-0.056763358024434274
-0.057985204980720795
-0.060739990291253966
-0.06209554858605817
-0.06351403166686873
-0.06499677434442448
-0.06804520178697522
-0.06902344206294252
-0.07217213187003459
-0.07390175407667497
-0.07570083765068901
-0.07908853960666735
-0.08255013745709518
-0.08608675474113249
-0.08821712244198908
-0.09444220400043339
-0.09939447404280397
-0.10860769392784789
-0.1153018555006565
-0.11675324492289872
-0.11825102609525105
-0.11906602741686359
-0.12055201790975709
-0.1220433597354002
-0.12277036673207062
-0.12424368245234038
-0.1257196341304091
-0.12719722262581212
-0.12779843013269054
-0.12924984332967007
-0.13069960862638158
-0.1321464491635495
-0.1335889988834245
-0.135025797026505
-0.13645528330906628
-0.1368094700176116
-0.13819342066107282
-0.13956488812999318
-0.14092188573228107
-0.1434310187301572
-0.14477789341482813
-0.14610352323934714
-0.14740548885455826
-0.1486812736115413
-0.14992826968292608
-0.15244863323408814
-0.16500496007758872
-0.17207822134379566
-0.17516602925385086
-0.17721579997616613
-0.17789633812115396
-0.17995066406583696
-0.18200356713030352
-0.18404984474319233
-0.18608422047840079
-0.18810129685714166
-0.19148677141681153
-0.19344963574689408
-0.1980773287431809
-0.20253591222045808
-0.2091455300861498
-0.22059176519799586
-0.23126404552396762
-0.23195400537719268
-0.23267533221956588
-0.23341597455502885
-0.23416879192567674
-0.23492846875007886
-0.23569064149553726
-0.2364515228237768
-0.23720771126008344
-0.23795608578225289
-0.23869374410025246
-0.23941796517264274
-0.2401261857990801
-0.24081598560675307
-0.2414850771053959
-0.24213129881354017
-0.24275261024525158
-0.2433470880275128
-0.24391292271673065
-0.24444841606750856
-0.24495197861919205
-0.24542212753179424
-0.2458574846390084
-0.24625677470588642
-0.24661882388395953
-0.24694255836003048
-0.2472270031919321
-0.24747128132184676
-0.2476746127544633
-0.2478363138843412
-0.24795579695459496
-0.24803256962743167
-0.24806623464624444
-0.24805648956869983
-0.248003126550581
-0.24790603216087387
-0.24776518720964616
-0.24758066653176153
-0.2473526389502177
-0.24708136680643702
-0.24676720584416065
-0.24641060483717767
-0.2460121051922424
-0.24557234048049215
-0.24509203589245332
-0.24457200761352854
-0.24401316211857388
-0.24341649538588145
-0.24278309203251053
-0.24211412437450436
-0.2414108514170434
-0.2406746177810249
-0.23990685257392025
-0.23910906821525627
-0.23828285921924633
-0.23742990096467187
-0.23655194843808303
-0.23565083498101227
-0.23472847104450306
-0.23378684296144403
-0.23282801174259896
-0.23185411189644478
-0.23086735026341976
-0.22987000483997738
-0.2288644235438607
-0.22785302283458095
-0.22364040238444968
-0.21006519087880568
-0.20307012842376015
-0.1974208168740909
-0.19373344450142405
-0.19013765050528622
-0.18663338103223973
-0.18322019551496996
-0.17989719414436073
-0.1774164760184189
-0.17419402607499881
-0.1738386339747953
-0.1707406487981349
-0.16772098365963609
-0.16743427782101847
-0.16451722885929382
-0.1642443392732199
-0.16184684772328015
-0.16514725844252784
-0.16306317320959246
-0.15792914819981763
-0.1443193789578762
-0.13790590099726552
-0.130554525982016
-0.12737067560914794
-0.12233607948356418
-0.11673152321726477
-0.11354844886707031
-0.11037451775457646
-0.10594227481792966
-0.10274791318659504
-0.1014967663374169
-0.09946794501330464
-0.09374311249663983
-0.09165305020323124
-0.08845091791479179
-0.08827763279801659
-0.08246337837946462
-0.0802737758744953
-0.07902931810334345
-0.07680117064672674
-0.07454417393756761
-0.07329067021111162
-0.07099605903676787
-0.06793269522513362
-0.06467472196153032
-0.0623029786615089
-0.06189223408699697
-0.05947349602637609
-0.05816947531961381
-0.055715108428698396
-0.053234688176780655
-0.05271888799674201
-0.049405566502305334
-0.04885359352931635
-0.04629464626364834
-0.04371125417184225
-0.043094703600945486
-0.039746566596013444
-0.039096083630408666
-0.03643874398580233
-0.035744975807573805
-0.03304672657288013
-0.03032585651661671
-0.02892404629650532
-0.02913840272183693
-0.025784221614726828
-0.02459048835557801
-0.0220273424566576
-0.019473136703767654
-0.018919407303961425
-0.016374269864110207
-0.013830993764874568
-0.008581573313332957
-0.007044487326974485
-0.005652408740359077
-0.004589472510122413
-0.0035397127166222316
-0.0025044234242726335
-0.0019218689505028116
-0.000922454253439126
-0.00019139363282506412
0.0003417993307912654
0.0012914023273192952
0.0015548780591210256
0.002468066758352807
0.002917889193453146
0.0031438834677565254
0.00438182117988836
0.004568834081969609
0.004925189569130727
0.005511454833072658
0.005820563893751822
0.005942759222000942
0.006630827656632442
0.006717699888620695
0.006789493892130043
0.007407652372419583
0.0074462987907385845
0.00759999026182855
0.007611089753770163
0.00802306560390008
0.008123512908970492
0.008098592462880177
0.008064591675965505
0.008121272656530837
0.008491210218937763
0.008915771147431516
0.00848191070830736
0.008653789026615297
0.008920668043891846
0.008748211046857128
0.008978362354888006
0.008535685039759822
0.008799645455028197
0.008348884338808042
0.007932102488502223
0.00797030146719908
0.007608767528593729
0.007272538944356133
0.006992420612168967
0.006086194423472069
0.005925097353054745
0.00509812712312193
0.004704191769432885
0.003966617446554022
0.003267628603133136
0.002142987329511279
0.0010858627380092448
-0.0006945982546807682
-0.0025513349826535386
-0.005238566944650412
-0.005089527405574497
-0.004934915554685277
-0.004775110404434681
-0.00461047066435258
-0.004101030681994152
-0.003928807759641587
-0.003749594574749374
-0.0035652621399873425
-0.0033933174668040523
-0.0032241121188462873
-0.003053717190011263
-0.002882224100547889
-0.002710062399822528
-0.0025376576287186275
-0.002365419351842085
-0.002193742169513534
-0.0020230050681111335
-0.001853570018910157
-0.0016857802706413494
-0.0015199584274043435
-0.0013564043552681457
-0.0011953929348235074
-0.0010371716700463363
-0.0008819581582930256
-0.0007299374214362356
-0.000581259093354325
-0.000436034453714777
-0.00029433329176909947
-0.0001561805761731042
-2.1552896999157033e-5
0.00010962536679470616
0.0002374862149117683
0.00036222263655265823
0.0004840937324795675
0.00060343058351098
0.000720643047061831
0.0008362278363210385
0.000950778369162055
0.0010649971310501807
0.0011797117293126354
0.0012958966038167452
0.001414703911646758
0.001537510505477274
0.0016659965668017961
0.0018022984867675936
0.0019493161885444754
0.00212092291485725
0.002260305356781944
0.0024457510475891712
0.0025106080970913975
0.002708062832681798
0.002702573128012836
0.002916684471874579
0.00284594601893933
0.0030811178330971954
0.002950050524835973
0.0027652876583983623
0.003023350663378613
0.002785124778997864
0.0027825431934708385
0.002718161975869701
0.0028704638470068962
0.00267694912699742
0.003201730126563902
0.0029356036105251
0.0026080834549271556
0.0022194685706055967
0.0017701065675655746
0.0012603907968651252
0.0006907585246119603
6.169012848958986e-5
-0.0006262906654194378
-0.0012595606816105155
-0.001854843703879388
-0.002607098157891391
-0.003415789405407048
-0.004280065015010769
-0.005322032793374405
-0.006309700709686706
-0.005908808675484129
-0.006933141878838178
-0.008098533934921947
-0.009279734056912143
-0.008858452911868845
-0.010122962405144053
-0.011329845401987997
-0.010972904637942048
-0.012162891616311672
-0.013457111686714684
-0.012941562799557568
-0.0142097118283906
-0.013933832065192536
-0.014091206131049474
-0.013593332264846606
-0.01187863592665167
-0.013200238790317821
-0.011657276330618912
-0.010217840111237627
-0.009759210194836755
-0.008192945836422853
-0.007714639447344232
-0.0062731959633341655
-0.004784164402114759
-0.003420316817654922
-0.0029472808980770607
-0.0015384498757171797
-0.00025641568951561693
0.0009860740692786178
0.0022026888587970395
0.0034584198223250704
0.004588977749513893
0.005725303072411226
0.006943155758896722
0.007986992941198928
0.009082975754765986
0.010175523559088025
0.011841013647186737
0.013338982999581996
0.01497022779041665
0.01749382890784851
0.01805441264153147
0.018521690387416256
0.018984433667851613
0.019441784570063448
0.019892918497715507
0.020428346233162465
0.0208641693180209
0.021291507968024658
0.021709663664172138
0.022117967516354406
0.022604778176239144
0.02299113188914466
0.02336580200743476
0.02372818875522557
0.024077797736939202
0.024414154769043697
0.024825136624384667
0.02513328130695873
0.02542688909160466
0.025705595227291194
0.025969067303695723
0.026217005499946378
0.026536714953043498
0.02675245558691776
0.026951961451793797
0.027135064838853386
0.027301631257955806
0.02745155939666779
0.027584781014890654
0.027787597827147393
0.02788696893837403
0.027969626154120106
0.028035631133602967
0.028085077089187917
0.028118088288677748
0.028134819511304
0.02813545553203254
0.02812021078898815
0.028173587260844846
0.028126974689547807
0.02806528543678975
0.02798880472073921
0.027897833492739194
0.02779296249882071
0.027676124448633203
0.027549408064915626
0.02740405785748407
0.027238875492464086
0.02705836993363921
0.026866120973291985
0.026663618927485786
0.026451312843363096
0.02622967904701191
0.02599933639001498
0.02576097976632738
0.025515351919938693
0.025263244964574147
0.025005510914258327
0.02474307516135236
0.02447695380584453
0.024208277646241453
0.023938327092776896
0.023668585509247275
0.02340082607722929
0.02313726675752697
0.022880889446324507
0.022636296473331353
0.022410715220995733
0.022126534235605084
0.02183517975204852
0.02151530716633613
0.021166439845094344
0.02078879996867583
0.020563473252704387
0.020155948375383967
0.01994093313874623
0.01950588255305137
0.019302714876687374
0.01911282999622614
0.018653671441301242
0.018477726813867994
0.01831568532769437
0.018167617244322264
0.018033508222492063
0.018256613187947048
0.018078277494111762
0.017957282869221897
0.01784849961607382
0.017748685816539055
0.017656794574517215
0.017571847630353993
0.01749291237945929
0.017419089040828784
0.017349500750313666
0.017283285874280227
0.017219592057038307
0.017157571659811282
0.017096378350675467
0.01703516495221143
0.016973142169102905
0.01691651147315206
0.016843638721814363
0.01596206713601702
0.01586994484110651
0.01502003024924381
0.014194752226164599
0.014106794092294506
0.013309182641591812
0.013217763220005084
0.012445615995425008
0.01234899436251233
0.011600467234237116
0.011497257309641086
0.010770889224989142
0.010660073233058944
0.009954798797121116
0.00983572979888256
0.009150880415257698
0.009023275141158029
0.008358569924995373
0.008222493430212387
0.007578021371023702
0.007433865263693538
0.006810060367090476
0.006206054330439654
0.006056128224282923
0.005474005854325995
0.0053182225457594715
0.0047591590294955985
0.004598843847536851
0.004064260014986255
0.0039009691896283844
0.003392539493386671
0.0029071062084692306
0.0027478989354426833
0.0022921161554379037
0.002135366179405083
0.001696840001431493
0.001294114406608706
0.001113852211337882
0.0006976645139974136
0.0003451403208296877
0.0001433496634190997
-0.0002455825676324255
-0.0006214039909867493
-0.0008982588386692206
-0.0011199897640959073
-0.0014592355057384866
-0.0017807154301242058
-0.0019784211760489677
-0.002266836536158149
-0.002540892472236063
-0.0028501415647818706
-0.003239809466316345
-0.003509620272574317
-0.0037926292329756297
-0.004246240195639986
-0.004722991718072867
-0.005404083037445228
-0.006328395493385926
-0.00754804582712775
-0.00862712291407936
-0.009510069401288566
-0.010427150865349602
-0.01109479248438125
-0.011488591353689266
-0.01217232242832453
-0.012570540973719842
-0.013268993688022585
-0.013670994393089754
-0.014121704260685817
-0.0143677612202257
-0.01447063301465734
-0.014571300922796423
-0.014669031051881025
-0.014763577802619422
-0.014854794849728913
-0.014942561182414965
-0.015026774119657034
-0.015107347935239747
-0.015184212797148496
-0.015257313636477851
-0.015326608871126603
-0.015392068911951724
-0.015453674357627064
-0.015511413758415528
-0.015565280786148536
-0.01565081025215039
-0.01569654922010444
-0.015738387212716615
-0.015776289732567464
-0.01581019506992745
-0.01584000179891795
-0.015865553836228632
-0.015886623790010667
-0.015902896588081077
-0.01591395723216914
-0.01591928857210589
-0.01591828603486413
-0.015910294400837514
-0.015894665756015416
-0.015870828974857677
-0.015838354726054604
-0.015826655342128796
-0.015776036265692923
-0.015716656680206536
-0.01564884275355909
-0.015573057354093454
-0.015489867225233945
-0.0153999157226748
-0.015303986606115446
-0.015207056852906058
-0.01476199890552877
-0.014299323131807684
-0.013834465812481598
-0.013368367425004338
-0.012901390274673045
-0.01245854442436035
-0.01234628021652502
-0.01188000004361483
-0.011769302852440884
-0.01130615726161017
-0.011198932064796737
-0.010740462903896991
-0.01063859941028909
-0.010186366212027079
-0.010091803540428495
-0.010000846711395601
-0.009914133567569325
-0.009481971791768639
-0.00942741484850619
-0.009358822319604424
-0.00903229556398934
-0.008676504829680473
-0.008176978320300881
-0.007907367487965486
-0.0075808787992667276
-0.007188417226299589
-0.006820779551811625
-0.0065921211350152605
-0.0062266353160059466
-0.0059763200820341774
-0.00580439499982322
-0.006172901512796146
-0.005991076306584305
-0.006004518758113025
-0.005801305578790185
-0.0058077815325140916
-0.005923838569298577
-0.005925285560456444
-0.005685368358234198
-0.006015387742768394
-0.006025238915431741
-0.00609424947102937
-0.006086510566145399
-0.0064276181346276245
-0.006778576895604162
-0.006781734488191401
-0.006870911129802624
-0.007244999535778512
-0.007628958417444257
-0.008032535495762647
-0.008435719313780865
-0.009127519983391176
-0.009921090058975441
-0.010575298771850788
-0.011909441584454712
-0.014406796780245364
-0.0146952883370872
-0.015140694640640865
-0.015626321642637345
-0.01594624817703924
-0.01627467774538546
-0.016790426947779206
-0.017645153221206147
-0.019441176021259218
-0.022595056075740676
-0.0231833084806677
-0.023439875313732893
-0.023698555907867416
-0.024282126307423962
-0.02452765625841523
-0.025111098093808442
-0.025348963920715176
-0.02591952330234077
-0.02649314704169572
-0.026718527773367893
-0.027275768974211835
-0.027835915874887367
-0.02837806573493652
-0.028914790655365032
-0.02946400118644504
-0.029687510073787282
-0.029885134290749592
-0.03007611874686619
-0.030276897865148276
-0.030454827890954425
-0.03062591200661908
-0.03079005991594418
-0.030965948925868403
-0.031116345239011505
-0.03125973533139761
-0.029707646530015553
-0.026126328342053074
-0.023958718470162815
-0.022362120596384743
-0.02081865622057226
-0.019805397627746905
-0.018548777941173666
-0.01758630830569191
-0.016671111542037462
-0.015761513966431967
-0.014882917543168379
-0.014284849994962332
-0.01372140205680784
-0.013182389579579202
-0.01244573136721337
-0.011947702232953468
-0.011735900845628392
-0.011301399400730518
-0.01090772477860773
-0.010562453207167434
-0.010485774671247774
-0.010683647570693969
-0.010832910277256271
-0.010967418115262946
-0.011097916058635726
-0.011340119745896717
-0.01146437884152117
-0.0116008814364419
-0.011794754820892372
-0.011941118401853995
-0.01210079781639445
-0.012280216428623949
-0.012447691272368335
-0.012601644182546601
-0.01274139531289846
-0.012868527516171006
-0.012984108864925948
-0.01308896777870341
-0.013183786890947104
-0.01326914802908808
-0.013345557814239165
-0.013413463849485607
-0.0134732657360486
-0.013525322986214311
-0.013569960969542352
-0.013607475540775819
-0.013638136757753612
-0.01366219194933377
-0.01367986830657276
-0.013691375115294458
-0.013696905712193347
-0.013696639222468566
-0.013690742120436486
-0.013679369643043561
-0.013662667078082754
-0.013640770943151638
-0.01361381006727367
-0.013581906587695326
-0.013545176847392941
-0.0135037322517845
-0.01345768001754922
-0.013407123869778537
-0.013352164667912017
-0.013292900964811408
-0.013229429500003527
-0.013161845637115149
-0.013090243813080162
-0.013014718368024036
-0.012935366564458428
-0.012852302177139433
-0.012765716909426385
-0.012673443640571373
-0.012579961672130949
-0.012480793573600442
-0.012380606799382673
-0.012277150120822018
-0.012170464677561152
-0.012060556057116631
-0.011947374636438598
-0.011830780589923238
-0.011710484091215254
-0.011585940692794531
-0.011456160493555611
-0.011319334182403995
-0.011171971875642877
-0.011381147785419883
-0.011457797253227259
-0.011509719844217935
-0.011608536438786317
-0.011619142899183053
-0.01153144521883235
-0.01139089896605811
-0.011238147820124595
-0.011073739958259625
-0.010898357111080193
-0.010712742676137933
-0.010517646234550012
-0.01031379884865015
-0.008849248390074928
-0.005920171138089265
-0.0038556481404492674
-0.002889789212386091
-0.001443778992536681
2.439548909532474e-5
0.0008874850951415084
0.001789553702542378
0.002669945685163198
0.003602864077105433
0.003913351492162252
0.004215409902472536
0.004520380117499815
0.004828307398644608
0.00513863035428125
0.005450818333209989
0.005764379993291615
0.006078854212127143
0.006393803666991948
0.0067088104409506934
0.007023472920614795
0.0073374035543060925
0.007650227209118296
0.007961579957808985
0.008271108198164961
0.008578467993635373
0.008883324626032741
0.009185352285310805
0.009484233879219425
0.00977966093627896
0.010071333582489793
0.010358960575532103
0.010642259382636016
0.010920956290099076
0.011194786533793256
0.011463494441080344
0.011726833575441948
0.011984566875904466
0.012236466784057166
0.012482315352342538
0.0127219043267858
0.01295503520185441
0.01318151923967798
0.013401177453140194
0.013613840549521685
0.013819348833771158
0.01401755207149041
0.014208309312991989
0.014391488681124399
0.014566967126939402
0.014734630158673427
0.014894371550903899
0.01504609304209248
0.015189704030017464
0.015325121275803927
0.01545226862883989
0.015571076782677768
0.01568148308240426
0.015783431389408825
0.015876872025517543
0.015961761810514737
0.016038064211101672
0.01610574962030758
0.016164795788006826
0.01621518842334464
0.016256921955814574
0.016289999819107476
0.016314423252078134
0.016329988018796093
0.016332895902009974
0.016289502035071003
0.0165110566083771
0.016493196867657052
0.01646738168201955
0.016432638840630738
0.016634484868967132
0.016582031274562897
0.0165212117257732
0.016452352691994878
0.01661802149840629
0.016534022879543808
0.01644344438164915
0.016346988959185172
0.01624550058490668
0.016377895451132708
0.01150683433219785
0.008007881206394212
0.006920474779529492
0.006629437125898595
0.0063536501906024155
0.0063528018077711685
0.006415679099217257
0.006694398892346733
0.006734048840266173
0.006765955960664218
0.0067919451760773495
0.006813459055410246
0.007054098169570302
0.007069211091263304
0.007082600216415438
0.007094825299011526
0.007322942706862735
0.0073333536057323045
0.007343612324862778
0.007353900605268258
0.007364344864386185
0.007584744330750831
0.007594969705445501
0.007605490185095266
0.007616300146184505
0.007830605330015953
0.007841134192521453
0.007851843732018447
0.007862682173595295
0.007873594006353854
0.008080228233508617
0.008090302710086225
0.008100278401102034
0.008110103734853989
0.008308523617456537
0.008317073902251702
0.008325346188947213
0.008333311718209672
0.00834094922050347
0.008529144155312933
0.008535234838209662
0.008540980952359983
0.008546395598244697
0.00872527300380288
0.008729229572756151
0.0087329492311412
0.008736483893663036
0.008739895636773473
0.008908992690180252
0.00891150456685422
0.008914140617533319
0.00891700521545953
0.008920213898544633
0.009081597949147913
0.00908500189959712
0.00908916630282151
0.009094269540411372
0.009101099164467996
0.009204811802736494
0.009142083474219471
0.008716298646988417
0.00866925519227794
0.008622495052963398
0.008718035692885267
0.008671439642108907
0.00862559264193798
0.00858062993121226
0.00853946697578094
0.008503002048990637
0.008615707506734044
0.008591579822215608
0.008556360310192251
0.008540686137858957
0.008749359739775012
0.008736520717200942
0.008730397641433272
0.009011254380496127
0.009006924496477291
0.00917061630153523
0.009139565221174708
0.009285321645931188
0.00937950669698767
0.00949462542025616
0.009556979040226727
0.009645171694274186
0.00967988366359377
0.009745749526651465
0.009887714396678602
0.009875558612538528
0.00991880619536249
0.009929558876648105
0.00995171953718321
0.010033543553452675
0.010076528082127738
0.010129302896596143
0.010191757885382334
0.010316016106156517
0.010397954432256348
0.010489354876580577
0.010590001270705229
0.01069958409884429
0.010872738935529456
0.010887590403803653
0.010874827935086286
0.010796625656816444
0.01050491960681668
0.010459801577130697
0.010333052030798992
0.01023338600042719
0.009994303283858329
0.009811438869954772
0.009603931880848269
0.00925915757408916
0.008995004820339934
0.008963328189376382
0.00857367318420273
0.008099831160639323
0.007713510877248954
0.007330547061840632
0.007217923182484098
0.006785613389283789
0.006324087350938585
0.005847123687870991
0.00547157343774204
0.004960485735701525
0.004326730071844167
0.004124780728711575
0.0035335138177619266
0.0029507040696714203
0.002683070899500049
0.0020697348579869117
0.0014127712481450335
0.0011189110762255085
0.00045379752010202355
-0.0002351827577756494
-0.0006144279160934704
-0.00139600411319032
-0.0021172385027199594
-0.0024544768538172124
-0.0031928200593742692
-0.0035422456527013303
-0.004301660187443663
-0.005060517516072944
-0.005423891358087508
-0.00585848680754493
-0.006244468613694262
-0.007023285541399709
-0.007073374796787168
-0.007889982936513946
-0.00794250725158095
-0.008326154381696647
-0.008734193887834677
-0.008834355891374195
-0.008847267331389833
-0.008885495926041582
-0.00892020292296727
-0.009001568501326584
-0.009033184176035948
-0.009061088927085502
-0.008720277434875063
-0.008840431264246296
-0.008532069478213328
-0.008522344145857563
-0.007854554044345548
-0.007644279051484726
-0.007341798600409061
-0.006698857811319486
-0.006387579745946656
-0.005897106263880956
-0.005619766018817804
-0.004993423635040376
-0.004449081510366302
-0.0038409383660379217
-0.003758570236396772
-0.0029455137335432464
-0.0027053989601232534
-0.0021849912162728784
-0.0017125980176453082
-0.0012299409236948367
-0.0012349810418516053
-0.0005230607089221597
-0.000377202266726094
0.0002808991381738272
0.00040165826754747175
0.0008150163120766332
0.0009160653376740917
0.0012779873615012508
0.001349813872669553
0.0016937491814148957
0.0017456307722909987
0.0020548894840332317
0.0021177246001299523
0.002370746110523628
0.0024146157443165573
0.0026653466017198327
0.002691886444129651
0.0024778201968488844
0.0027268881749430273
0.0027309494920270735
0.002734482744020587
0.002578152068468561
0.0024374391964752905
0.0024768232150993996
0.0023504630240066926
0.002235155750086548
0.002292113308055795
0.0021924307387050567
0.0022511595192004565
0.002165288729654837
0.002088000806791948
0.002158447297981437
0.002092739858113397
0.002034534618624408
0.0021073319707978467
0.002059085669427985
0.0021374551323092824
0.00209834598711718
0.00206539984713921
0.002144460330802202
0.002222841355377171
0.0022033248025307537
0.002283145689941419
0.002362288320195394
0.002348781762424779
0.0024291751455926183
0.0025118716720590956
0.0026741774496761433
0.0027489665352055455
0.002899201037409856
0.0030398777462491743
0.003105902387289736
0.003229063343890927
0.003338661737995011
0.0034330380525948315
0.0035105789178488524
0.003542805819322392
0.00359240936289045
0.0036091918648491587
0.00362917020581557
0.00363696169019562
0.004041455054138125
0.0040720491946609925
0.0041117211795270005
0.004160468772754986
0.004187967519584943
0.004211728384216954
0.004222007199954154
0.004256062443505795
0.004326698391541976
0.004360486341446854
0.004436153581142845
0.004514945331311362
0.005017779848903653
0.005054807942018516
0.005143405841528074
0.005234893127051802
0.005329279526294157
0.005426582439859317
0.005526827612762336
0.005697711112067012
0.005807240523854077
0.006367080864666512
0.006475381454090919
0.006522498066339863
0.006695964097462719
0.006799517630533707
0.006904838445091695
0.007106242405221446
0.007219005343096138
0.007435576944077262
0.007556404350700874
0.007789340010225675
0.008032863932664308
0.008167919777384468
0.008475134246017296
0.00884829626167664
0.00923368142051345
0.009768989394890147
0.01034075744300875
0.011383012403496848
0.012784899316731288
0.01297166558255341
0.01315532470639223
0.013335818368104284
0.01351308050907956
0.013687038425813494
0.01385761382645052
0.014024723852166148
0.014188282066712628
0.014348199418252858
0.014504385175054112
0.014656747857017325
0.014805196123836071
0.01494963968199309
0.015089990170743884
0.01522616204777297
0.015358073474373705
0.015485647202351743
0.01560881146425887
0.015727500867940242
0.01561627958228957
0.015233215022103185
0.014927422965958578
0.014581094618619405
0.014193525255981566
0.013764340337941989
0.013472307444805612
0.013156911451644349
0.012624649167585666
0.01225616035739016
0.011865703921422492
0.011669155249485487
0.011243765551457136
0.010798735789690903
0.010335190263839247
0.009854397913390682
0.009600937932762354
0.009094978235852442
0.00857594157095526
0.008045611653559246
0.0072459695011728885
0.006696100421673465
0.005606181759661693
-0.000776430450546874
-0.0007384347812750853
-0.0007018211308301895
-0.0006665298547632291
-0.0006325185204915661
-0.0005997507309665843
-0.0005681971446965511
-0.0005378364258839917
-0.000508656091759956
-0.00048065326663329963
-0.00045383535149395057
-0.0004282206170938272
-0.00040383872726414084
-0.00038073119778184254
-0.00035895179432415814
-0.00033856687193024805
-0.0003196556484452418
-0.00030231042324112376
-0.00028663671186878576
-0.0002727532995427305
-0.0002607921886332849
-0.00025089841627100654
-0.00024322970967987444
-0.000237955938695056
-0.00023525831655471526
-0.00023532829255636749
-0.000238366075474478
-0.00024457872796118294
-0.0002541777844370088
-0.00026737637519539493
-0.0002843858963771736
-0.00030541236015676907
-0.00033065268080586255
-0.0003602913647168336
-0.0003944981942123819
-0.00043342772740916985
0.0038546907536636124
0.005966521814669951
0.006601774535572096
0.0072161720879677415
0.007804581041469834
0.00815659959282744
0.00849044751515829
0.008999134709821199
0.009286723732067185
0.009552654182321053
0.009963366252442393
0.010341102118761514
0.01071245052203359
0.01124102894923291
0.012333551717027328
0.012274978609864201
0.01221973731278956
0.012166862721837231
0.012115507752903383
0.012064917319612066
0.012014412206762791
0.011963159719456745
0.011789062793341411
0.011263487633893322
0.010811552126741628
0.00997352229594571
0.009549884660531466
0.00876596008814341
0.008370459398507746
0.007984204109818148
0.007274452469972716
0.006916433316395722
0.006262545202203028
0.005932752884454087
0.005334833516715197
0.004773623893105343
0.004490774179222555
0.003984697997112718
0.0037291629224802812
0.0032770902023849585
0.0030481469793751325
0.002648517952026451
0.002445274466311571
0.0020961506905378922
0.0019175822354514321
0.0016167211027210487
0.001461722033738878
0.0012066725441861443
0.0010741214630262796
0.0009484278817716492
0.0007511689362234222
0.0006466033242591006
0.00046820339001173714
0.00034464069461013835
0.0001775469906030302
6.41925342813167e-5
-2.3971387681639715e-5
-0.00010643377899641756
-0.00019178113761233914
-0.0002716967109094746
-0.00037315568160262315
-0.0004425363134728334
-0.00048744834858787956
-0.0005654910858141143
-0.0006234443717559349
-0.0007101047241416067
-0.0008161482171627436
-0.0009256851062873302
-0.0010055543789720565
-0.0011324399244418404
-0.0012629398593300212
-0.0014617490806375952
-0.001629306241465314
-0.001967414179476382
-0.00203607164567473
-0.0021060401570143703
-0.002177379076725196
-0.0022501598473858393
-0.002324465901531594
-0.002400391853477532
-0.0024780413704586445
-0.0025575225299457934
-0.002638938472762529
-0.00272236959603241
-0.0028078416645117513
-0.0028952741663605245
-0.0031383137135378996
-0.003551342681386245
-0.003822379370648013
-0.0039156480154062204
-0.003997272934493772
-0.004073976023454154
-0.004145727706236133
-0.0042127044869926505
-0.0042751856640285794
-0.004333486030789255
-0.004387919680680938
-0.004438783143115617
-0.004486348910077103
-0.004530864087436788
-0.004572551384999501
-0.004611611055149431
-0.0046482231188833345
-0.0046825495843009456
-0.0047147365411553555
-0.0047449160982864285
-0.004773208166081806
-0.00479972209783531
-0.004824558203871864
-0.004847809149998482
-0.004869561244337119
-0.0048898956156143165
-0.0049088892824423955
-0.0049266161138361315
-0.004943147682961478
-0.0049585540190836
-0.004972904266183132
-0.00498626726023501
-0.0049987120403712434
-0.005010308311970376
-0.005021126882230286
-0.005031240091260515
-0.00504072226459091
-0.005049650216688967
-0.005058103841242463
-0.005066166829852787
-0.005073927576444047
-0.005081480338854263
-0.005088926757895476
-0.005096377872879333
-0.005103956830987837
-0.005111802572196979
-0.005120074886353331
-0.005128961367433493
-0.005138686817321207
-0.005149525062321662
-0.005161809791120432
-0.005175926074855107
-0.005192204562426451
-0.005210543836781711
-0.005302422808759703
-0.005363948353713041
-0.005418745457227321
-0.005415854143053989
-0.00540842914769061
-0.005396989846990268
-0.005382016142064172
-0.005363929193783606
-0.005343098176366616
-0.005319850589837408
-0.005294481149117436
-0.005267258590989466
-0.00523843070147686
-0.005208227987314688
-0.005176866347978149
-0.005144549014056262
-0.005111467953366624
-0.0050778048628191165
-0.005043731873270831
-0.005009412018976051
-0.004974999532899758
-0.004940640005679583
-0.004906470437487076
-0.004872619204814524
-0.004839205958890933
-0.004806341468466797
-0.004774127416724321
-0.004742656159808057
-0.004712010452744282
-0.004682263147197239
-0.004653476864501723
-0.004625703646807969
-0.004598984587507898
-0.0045733494450623515
-0.004548816238559061
-0.004525390828886359
-0.004503066486207622
-0.004481823445955099
-0.004461628456081626
-0.004442434319247787
-0.004424179434683804
-0.004406787345277438
-0.0043901662952250025
-0.004374208800964552
-0.004358791231001963
-0.004343773298998996
-0.0043289769710148866
-0.00431925880853771
-0.00436859190657547
-0.004399006501165282
-0.004426607779496038
-0.004257877417111399
-0.004281998023425417
-0.0043028049938775995
-0.004319882984643559
-0.004332646641615096
-0.0043442800527886
-0.004364436709626244
-0.004379758658017653
-0.004217079061917051
-0.004254580241712743
-0.004276643846448187
-0.0043257578809249506
-0.0041791553191488666
-0.004241683785675248
-0.004273242634014903
-0.004346522611484377
-0.004260758046374956
-0.004350856067737138
-0.0042828830244704295
-0.004391881601715711
-0.004343166957182105
-0.004303168785946222
-0.004434195319637958
-0.0044224134529473776
-0.004325644841312224
-0.004315679509573059
-0.004224169979449608
-0.004292859552113868
-0.004224789787645314
-0.004139077591167056
-0.003961338252045684
-0.003877505757273167
-0.003700973341830687
-0.0037710114975364655
-0.0035949444510794022
-0.003452938560044679
-0.003235273353081925
-0.002990535524856448
-0.002923263555539609
-0.0027254227735147487
-0.002529385232036601
-0.0024737020413413994
-0.0022099249857243535
-0.002018952478963326
-0.001981369089779011
-0.001793033067066304
-0.0016697429995687794
-0.0014844147551272735
-0.0014450568452796543
-0.001281741560343625
-0.0011973058064107117
-0.0010087005476702678
-0.0008923051251992408
-0.0006375225066952418
-0.000574415275244681
-0.0003595880755378913
-0.0003100614634111908
-0.0001540874087113327
-4.698143066033129e-5
9.770762795730316e-5
0.00018271210912811732
0.0003282427322797791
0.00040427106525764504
0.0004500523376142432
0.0005876229415764749
0.0006634310447198158
0.00086718748354167
0.0009101209979376831
0.0010346246159931693
0.001097334470843852
0.0012167106360941777
0.0012780548853400125
0.0013331034235159176
0.0014434619260373309
0.0014969045866332841
0.001614566701601081
0.0016600103563825031
0.0017694319002226633
0.0017977646571910445
0.0018957640933877538
0.0019898179098939853
0.0020191820261472077
0.002103591024494821
0.0021824759513957405
0.002206284262869565
0.0022838203017637305
0.0023589167579685755
0.0024339606655203257
0.0025033600965298584
0.002567576868832048
0.002628668345389159
0.00268650836371206
0.0027409881181030666
0.002817929301665877
0.0028817271610285357
0.0029316578791920007
0.002967174267450259
0.0029900667529021746
0.0030135931601862434
0.0030395049271279536
0.003067318928023225
0.00309672147254983
0.0031274708027450647
0.0031593686037949677
0.0031922465261164123
0.003225958588460016
0.0032603764389603543
0.0032953861838791666
0.0033308861533566563
0.0033667852655948054
0.0034030017951589965
0.00343946242834193
0.003476101533611905
0.003512860603295763
0.0035496878423257644
0.0035865378957671817
0.0036233717225521854
0.0036601566422079005
0.003696866610229954
0.0037334828274296515
0.0037699948845455393
0.00380640285105173
0.003842721232585827
0.0038789873132133623
0.003915284033015033
0.003951737058008356
0.003987751281954495
0.004018182424006522
0.004051166251662123
0.00407284083743919
0.004101833387239725
0.0041295310022040335
0.004138333809592256
0.004161231875112971
0.004182561634092538
0.004177207822376459
0.004193132129792619
0.004207272122556608
0.0042195841292487135
0.0042300262230399325
0.004201243911943876
0.004205531475509321
0.004207793143596445
0.004207999159362962
0.0042061223018888625
0.004202138091717701
0.0041960249809201225
0.004187764524163866
0.004177341519295372
0.004164744097049057
0.00408711480734292
0.004067552135184427
0.004045775307917762
0.004021786347952294
0.0039955888263115856
0.003967186637636278
0.003936582333531078
0.0039037749903128964
0.0038687576399612034
0.0038315143659215477
0.0037920172486608046
0.003750223425846194
0.0037060725884224734
0.0036594852496479777
0.00371093998077791
0.003661902258405013
0.0036100693550378863
0.003552688904180814
0.0034421229890931396
0.0033468010982459287
0.0032504692426249177
0.0031534425741207043
0.0030559745105590364
0.0029582739614835243
0.0028235365017354333
0.0027814410659196226
0.0026507496633230636
0.0026489276566133914
0.002555841607342831
0.0024633347930189593
0.0024633866213677955
0.0023999977229049486
0.0024005827402133386
0.0023323335013732288
0.0023537724556787357
0.0023531489669447936
0.002267674201229948
0.0022872813443233753
0.0022139179844879865
0.0022450656769207353
0.002180406593427101
0.002221765764581002
0.0021650740586534644
0.0022164565094767177
0.002167614091401988
0.002229152150702952
0.002188170403115945
0.0022599389457843787
0.0020488097971603524
0.0020178087571018316
0.002101902927183661
0.002077993360289597
0.0021714992071416943
0.001970338516883084
0.001954795223618941
0.0020590775856087727
0.0020491472593483964
0.0018548189973289098
0.001968979775557992
0.001965677534232219
0.0017761422451291644
0.0017766044365966215
0.0017130571360249836
0.001717246883382861
0.0015341442245203692
0.0015418031211498352
0.001362112014953381
0.00137316082981403
0.001197093505959044
0.001149078924451249
0.0011653419285270908
0.000995356813199892
0.0010150042622835641
0.0008492350764731279
0.0006858733054038801
0.0007109621535919318
0.0004261487626976631
0.00027001846585057146
0.00011653335951981025
0.0001496982483315886
1.2092880960237241e-6
-0.00014454399928545906
-0.00022831110194810504
-0.0003687280200303376
-0.0005063795541231144
-0.0004604879880729142
-0.0007130251556561871
-0.0006629534839791556
-0.0009074048652267985
-0.0008531389471285119
-0.0009746780454859813
-0.0010311053691316222
-0.0011473533750198386
-0.0011970552540319852
-0.0014177363490973482
-0.001351349180362055
-0.0015645655618797647
-0.0015990035911093077
-0.0016298484015261736
-0.0017290545666987758
-0.0017540382459210893
-0.0018710576661088477
-0.002057135774027818
-0.0020715706250014365
-0.0021971282720946775
-0.0022991231729979225
-0.002391763887993568
-0.002480322884066996
-0.002628870499910009
-0.002757415618812384
-0.0029311151623228455
-0.003026595883386086
-0.0032032498773690967
-0.00340645110017364
-0.0035781969962528637
-0.0036947096324090787
-0.0036837994813856004
-0.003610308531005893
-0.0035381613398533193
-0.0035317297542572235
-0.003462236273538172
-0.003394269907518387
-0.002187503045873889
-0.0003931802501562195
0.0007023024976816164
0.0014465868649014715
0.002227456141257571
0.002799743864536512
0.0032836426051801757
0.0036743645247913725
0.00410430480099036
0.00443554655612648
0.004802270848537226
0.004888973562107815
0.005196818776949429
0.005397184083618867
0.0054160200526172176
0.00562069521711808
0.00562549774610576
0.005677473375867269
0.0057417419812780274
0.005618213894842931
0.005571034762271068
0.00540686359749212
0.005338148398784913
0.0051429575832069
0.004976405703590104
0.004826870895789236
0.004449745600654144
0.00410306812916671
0.0035309984761114654
0.0022115309526211917
0.002292889501590414
0.002373087921270317
0.0023888603106358886
0.0024682139521579206
0.0025459395587026715
0.0026218996999691985
0.002695963835565609
0.002768008503788207
0.002837917593384923
0.0029055826523938567
0.0029709031775811247
0.0030337868145394334
0.003094149385715459
0.0031945398382619613
0.0032478827600338107
0.0033367880159708005
0.003418734952574442
0.00346048159507589
0.0035311711442935546
0.0035925838438021513
0.003585999007751383
0.0035816804456948446
0.003577837160666144
0.0035744078379407445
0.003572158608026396
0.003569360826264215
0.0035674056965378205
0.0035657996165796946
0.00356346786144639
0.0035619470979813567
0.0035597001030517866
0.0035578761973998137
0.0035560126418636645
0.003553836864402806
0.0035508135272275232
0.0035485441254964473
0.003546310036565609
0.0035421883299304674
0.003538304728382712
0.003534009281861663
0.0035292946356225356
0.0035233686340198117
0.0035178528736933127
0.0035119853470147355
0.0035058243733049766
0.0034986090129705476
0.003492164641724851
0.003485847611235873
0.003479995782476464
0.003474490160195207
0.003462226990226843
0.0034370050309766352
0.00341756307164047
0.003208722911243697
0.0029852801624112727
0.0027574030549545746
0.0026276920139201264
0.0024863936685010427
0.002376053234118978
0.0022603254694891196
0.002138595693735697
0.0019636345272022065
0.001884205985506953
0.0018032622103415067
0.0017210171142631424
0.0016352163126133283
0.001549980161160453
0.0014651490320058578
0.0014287106844142565
0.0012539469921922443
0.001169484447257717
0.0011313374697403972
0.001046092460841089
0.001009639618638178
0.0009262401087876915
0.000887883610280397
0.000850317493965722
0.0007669319563884872
0.0006464397145771653
0.0005665509001688241
0.0005294255554872252
0.0004884896011984786
0.0004235523078829778
0.0003605478952595774
0.0002964163226216113
0.0001584212221722133
9.284136952390442e-5
2.5812570596749408e-5
-4.270269184631876e-5
-0.00011265536281765873
-0.00018386930668800032
-0.00025600684639717384
-0.00039288546259323373
-0.0004640303893641674
-0.0005343236971013602
-0.0006032174142693715
-0.0006703422133594436
-0.0007355291280621467
-0.0007987824199204086
-0.0009158548689940227
-0.000974480591989985
-0.0010317724986582807
-0.0010880102006007968
-0.0011434696759352783
-0.001198366612307763
-0.0013005721385877
-0.0013619038382920168
-0.0014452422647727571
-0.0014977723818181718
-0.0015493835172972373
-0.0015998891794757818
-0.0016492597838462057
-0.0017364311956989675
-0.0017824008345262135
-0.0018273554369695447
-0.001871339239125637
-0.0019143935074365985
-0.0019565562926414
-0.002029048823734126
-0.002068335363332138
-0.0021068373865257097
-0.002144582913913037
-0.0021815979547906567
-0.00221790667088379
-0.002253531504985297
-0.0023109776314490624
-0.0023441560936479484
-0.002376721436465112
-0.0024086905692169936
-0.0024400790615665647
-0.0024709011966595877
-0.002501170024504896
-0.00253089741731558
-0.002573246129707351
-0.0026008723687398114
-0.0026280021305822437
-0.002654643817315762
-0.0026808050899788044
-0.0027064929922731257
-0.002731714098423416
-0.0027564746965054814
-0.0027807810281239857
-0.002804639626036811
-0.0028280578456350764
-0.0028510449351604314
-0.002873616461527751
-0.002895805680312096
-0.0029174061736681415
-0.002938772177431617
-0.002959937557505341
-0.002980883497605087
-0.0030016002545085437
-0.0030220821055922643
-0.0030423258392838336
-0.0030623301539913998
-0.003082095341979492
-0.0031016231123814084
-0.0031209164918651828
-0.0031399797711353854
-0.003158818478172845
-0.003177439368826802
-0.0031958504245293206
-0.003214060853695741
-0.0032320810919181267
-0.0032499227978143846
-0.0032675988418269354
-0.0032851232856824487
-0.0033025113505758593
-0.0033197793724831317
-0.0033369447433782475
-0.0033540258375615003
-0.003371041922818748
-0.0033880130567354285
-0.003404959969179649
-0.003421903933687705
-0.0034388666245198287
-0.003431939801454004
-0.0034333720441565093
-0.003435056215811587
-0.003447311010325669
-0.0034550930560164157
-0.0034683864272702486
-0.003476057136858046
-0.0034948618612804148
-0.0035095133065016037
-0.003517402571078341
-0.0035370164254720808
-0.0035531348523671065
-0.003573344296259185
-0.0035819030731361603
-0.0036027454691360873
-0.003620794493833141
-0.00364232624235269
-0.0036641698778914693
-0.003673915568565369
-0.0036964614241540134
-0.0037169299241990457
-0.0037402003052817824
-0.0037637817196623374
-0.0037876638738180784
-0.0038118229062169867
-0.003836166662516893
-0.0038597146776844444
-0.00388109396515966
-0.0039046006115548678
-0.003930227943556837
-0.003956141426652679
-0.003982289295994562
-0.004008651877921198
-0.004035229947345216
-0.004063207140095149
-0.004016263898968775
-0.003939780325875396
-0.0038574612964597413
-0.003777333150253161
-0.003696110359981668
-0.0036138482064601483
-0.003530598098391027
-0.0034344601964010676
-0.003348069973436295
-0.003141164762877981
-0.0030356107462455022
-0.002939470175622654
-0.002848990298680189
-0.002603959729439614
-0.00251107191679376
-0.0022924072965446085
-0.0021725075856391563
-0.00195037112772581
-0.0016976363199378045
-0.00160088452836614
-0.0013429606636334598
-0.0009873201090758775
-0.0007250229009038418
-0.0004987827550012127
-0.00010563182057506411
0.000287404053459245
0.0006348551959472107
0.0010209533836444088
0.0015244662930755624
0.002015725631079433
0.002492043730597663
0.0030591633332745717
0.0035509096024782345
0.0041233988606255685
0.004732166908686466
0.005923831489487513
0.005887765036624781
0.005851345289726094
0.00581460204383133
0.005777567341946868
0.005740319719847008
0.005702970726028889
0.005665566939006946
0.005627752333432454
0.005590252740261176
0.005552306618083862
0.0055148992670437345
0.005477010464514663
0.005439895994589318
0.005402265274201008
0.005365655145447043
0.005328493661244878
0.005291647012755835
0.005256137190345905
0.005220093626305768
0.005184536353469183
0.005150648557395819
0.005116248502176067
0.005082516833888663
0.0050508044806227385
0.00501860755271501
0.00498727445966276
0.00495833080460486
0.0049289407716295594
0.004900627424367406
0.004875096976120305
0.004849170595699808
0.004824548570432966
0.004803116485814344
0.004781331511902739
0.004761058950673966
0.004742349892308671
0.0047272447635785
0.0046478795311092206
0.004590459251482591
0.004527910344806325
0.004455163108266708
0.00439729479890956
0.004335628563004029
0.004272458499779514
0.004202951195025344
0.004160540483653863
0.004085369559443199
0.004043410225250055
0.003962924000641828
0.003916650396063058
0.003831404001710203
0.0037458237112807454
0.003697614881105185
0.003605749930906399
0.003557634024918168
0.0034634158757118993
0.003429026848493959
0.0034238044036883747
0.0034213506545079254
0.003421624533616267
0.003427864787246773
0.0034335140750206394
0.00344182231529459
0.003452793154186024
0.003466445356532435
0.003486331487603662
0.0035054907886251795
0.003527508095094217
0.003552504136273113
0.0035806571139697903
0.003616013449467956
0.003170111351852512
0.002990963344924587
0.002844701617537997
0.0027455136370487837
0.002711422366233165
0.002595158381415516
0.0025471700015789957
0.002495557657382355
0.002440368274854702
0.0023859213580523903
0.002323737415644424
0.0022581249351152923
0.0021891426490775585
0.002116855264792425
0.00204133363275827
0.001967208365632342
0.0018854742688614993
0.001905015220409891
0.001819776670397885
0.0017317150125000789
0.0016409309041847838
0.0016643490099265592
0.0015707357907100083
0.001474687519369461
0.0013763158828640355
0.0013951077512391835
0.001294573959806198
0.0011918907805704049
0.0010911133029921697
0.0010377954825558575
0.0009284402498166179
0.0008169174523407406
0.0005565421645561019
0.0004407750489249248
0.0003233270572705394
6.0841268365417524e-5
7.810381510096723e-5
-0.00019294001394372717
-0.00031540238445765863
-0.0004390860991158119
-0.0007162068894785898
-0.0008425158716612414
-0.0011234072095559363
-0.001394867532493252
-0.0016797800836145787
-0.0018108355895273473
-0.002088279395831582
-0.0025333143119872018
-0.002668004781285105
-0.0029615584997992974
-0.003404502802501592
-0.0036956356720377077
-0.003994581670750352
-0.00445716973267513
-0.0049115972959061505
-0.0053800487277568245
-0.0060149992724743435
-0.006656529263094426
-0.007287263317215171
-0.007935351431750315
-0.009091102134998193
-0.010246544922725283
-0.0120837092277493
-0.014280363935457374
-0.01425368264140772
-0.014226128799871209
-0.01418587546525006
-0.014157107087792846
-0.014128041747825091
-0.013993670055611558
-0.013891417436550464
-0.013730693828700312
-0.013610329985445034
-0.013537919110249378
-0.013416326536470879
-0.013276695691658095
-0.013195223029502257
-0.01305898676139269
-0.012971437619963484
-0.012881295048738844
-0.012719479176112228
-0.012622831218678297
-0.012523111741717462
-0.012420431850137904
-0.012301747701124443
-0.012131440232308947
-0.012026184784439346
-0.011904983362587015
-0.011788873126136428
-0.011657060925647916
-0.011536312133137988
-0.011413508032830321
-0.011288814034567322
-0.011162399638176017
-0.011103318814966765
-0.010975230005011476
-0.010845863994533652
-0.010715396999218899
-0.010632543502978539
-0.010485937322743714
-0.01035252845053436
-0.01028571619581892
-0.010151651292683753
-0.009994931080937564
-0.009912332499638299
-0.009753986634543218
-0.009684435809223171
-0.009525264803862944
-0.009430185978555003
-0.009311301168166166
-0.009151633905146138
-0.009052076861412389
-0.008954322900242217
-0.008795868224031108
-0.008684000448648524
-0.008586549400801228
-0.008405123524241718
-0.008309159230461386
-0.00818796326883885
-0.008078577078696364
-0.007905199292482613
-0.007813456228866136
-0.007698419744864823
-0.00760890636448765
-0.007483264726411403
-0.007380065005878852
-0.007241549370017209
-0.007139879848352908
-0.00704154554925998
-0.0069504679634600445
-0.00685807857458971
-0.006769241915068392
-0.006683932053893751
-0.0065876124913594345
-0.006532762208056056
-0.006475081740535246
-0.006435915873760839
-0.006390481720226019
-0.006343988564008635
-0.0062966447824682106
-0.006233254409950321
-0.0061846434406872585
-0.006135603091028499
-0.006086231190142388
-0.006046023314769061
-0.005980777282936094
-0.00592414153841121
-0.005873960166485987
-0.0058237809725417405
-0.005773649766665097
-0.005708024204776343
-0.0056801009518218926
-0.005629364157240745
-0.005578829741767485
-0.00552852563736278
-0.00548399487075975
-0.005418547796830955
-0.005369073305496671
-0.005319922769211131
-0.005285642152154251
-0.00523637439595873
-0.005171729934624338
-0.0051387048036360084
-0.005090696687001803
-0.005053353551762057
-0.005005509047386012
-0.004958157299041989
-0.004895454000644608
-0.004849099070247369
-0.00481556811569629
-0.004769657173242954
-0.004724323909175673
-0.004673510065034436
-0.004629366791582427
-0.004569712403943888
-0.004532181415062758
-0.004489192487736308
-0.0044468937668132825
-0.004389733500392016
-0.00434848797170243
-0.004324486621523524
-0.004285259175790323
-0.00424690978330137
-0.0041934568670728475
-0.00415675548477498
-0.0041273709378152985
-0.004102131115347177
-0.004067835443650659
-0.00403429512364279
-0.0039855311035423505
-0.003960138192117976
-0.0039385997879663025
-0.003907981365598229
-0.003884899804653898
-0.0038556927798967977
-0.0038209553889382037
-0.0037931103262694114
-0.00286846782099469
-0.002252973138726025
-0.0017685417007149015
-0.0015778125771216916
-0.0013568926966145546
-0.0012620438094410914
-0.0011668582266776636
-0.001075888462692108
-0.0009848671831623724
-0.0008884586665427142
-0.0008035276930916734
-0.000702931340051922
-0.0006298201391268087
-0.0005418701689886033
-0.0005631284165673693
-0.0004959076973317244
-0.00037825542064015354
-0.00022532859442305945
-0.00021302033195760522
-8.152914177343015e-5
7.96442256446995e-5
0.00011189404769763685
0.0002289267865038083
0.00034536974051013644
0.0003951152347525629
0.0005107300747817116
0.0006252677791191793
0.0007069271717032797
0.0009165105175567779
0.0011436139136917095
0.0011390305850234714
0.001226778695163009
0.0013270676168403764
0.0013223807762882136
0.0013918258343859425
0.0013870252598900514
0.0014549470097806225
0.0015215753001616165
0.0015163229019606594
0.0015969780903910304
0.0016607088904396616
0.0016856531401278952
0.0017478176404775415
0.0017417681126672055
0.0018022792369325833
0.0018614542497434642
0.001854721914254943
0.0019277087552376606
0.0020155635693147574
0.0020081270092567978
0.0020626358571295402
0.002054763032101419
0.0021075722133607195
0.0021914910263986748
0.002182755414132995
0.0022324203682678196
0.0022961262618713205
0.0023432061265439945
0.0023663298802210657
0.002409755456082324
0.0024535854657550156
0.0024761476520505986
0.002518393960065623
0.0025594245790666174
0.002629738270437937
0.002683226581292068
0.002670481942815099
0.0027421793206212045
0.0027780396420598605
0.00284810403281555
0.002912114167509371
0.002990368437136988
0.0030571576178820147
0.0031314775995324885
0.003286449941508895
0.003572796045056748
0.0035794765878354616
0.0035709869713254298
0.0035622637561062856
0.00355330775483218
0.0035441168236633605
0.0035461551766139076
0.003536362443815554
0.0035263154267902463
0.003516005893608075
0.0035054250210277914
0.003505492581041669
0.003494216218170792
0.0034972751220263797
0.0034853730813561652
0.003473151639234788
0.0034799584777934875
0.0034669907964417403
0.0034536669346727357
0.0034499675412386845
0.00343577430976513
0.0034303786000600017
0.0034250453255796776
0.003409554241186747
